0.00060462
0.00645166
0.01236518
0.01775766
0.02226964
0.02580012
0.02849640
0.03070523
0.03289286
0.03554562
0.03906599
0.04367975
0.04936869
0.05584014
0.06253985
0.06870871
0.07347784
0.07599086
0.07553779
0.07168262
0.06436612
0.05396799
0.04131638
0.02763922
0.01445863
0.00343731
-0.00380792
-0.00590500
-0.00191474
0.00851510
0.02505029
0.04664055
0.07156773
0.09757097
0.12203915
0.14225262
0.15564968
0.16008951
0.15408235
0.13696021
0.10896719
0.07125692
0.02579431
-0.02483005
-0.07765476
-0.12964492
-0.17799986
-0.22043676
-0.25541779
-0.28229345
-0.30134420
-0.31371305
-0.32123437
-0.32617634
-0.33092482
-0.33764406
-0.34795364
-0.36266036
-0.38157913
-0.40346742
-0.42608638
-0.44638713
-0.46080699
-0.46564689
-0.45749115
-0.43362452
-0.39239976
-0.33351285
-0.25815126
-0.16899366
-0.07005448
0.03361620
0.13635141
0.23236461
0.31627619
0.38361504
0.43124219
0.45765075
0.46310828
0.44962373
0.42073957
0.38116829
0.33630948
0.29169694
0.25243393
0.22267637
0.20521980
0.20123548
0.21018518
0.22992537
0.25699087
0.28702810
0.31533114
0.33742174
0.34960850
0.34946148
0.33614689
0.31058067
0.27537928
0.23460792
0.19334894
0.15558403
0.12873560
0.11684256
0.12240831
0.14604040
0.18628688
0.23968979
0.30105357
0.36390323
0.42108708
0.46546294
0.49059803
0.49141055
0.46468684
0.40942052
0.32693843
0.22080012
0.09648083
-0.03912950
-0.17835976
-0.31345922
-0.43729505
-0.54397537
-0.62933503
-0.69123619
-0.72965561
-0.74655288
-0.74553710
-0.73137060
-0.70936516
-0.68473727
-0.66199295
-0.64440868
-0.63366473
-0.62967008
-0.63059747
-0.63312408
-0.63285137
-0.62485757
-0.60432232
-0.56715446
-0.51055367
-0.43344287
-0.33672250
-0.22331579
-0.09799688
0.03298353
0.16243870
0.28289825
0.38730591
0.46969094
0.52574376
0.55323583
0.55223983
0.52512676
0.47633935
0.41196466
0.33914909
0.26541564
0.19795277
0.14294732
0.10502878
0.08688038
0.08905494
0.11001145
0.14636573
0.19332541
0.24526114
0.29635110
0.34122931
0.37556792
0.39653140
0.40305457
0.39591578
0.37759856
0.35195819
0.32373049
0.29793756
0.27925615
0.27141858
0.27671313
0.29563986
0.32676181
0.36677045
0.41076137
0.45269371
0.48598694
0.50419371
0.50167858
0.47423180
0.41955305
0.33755358
0.23044365
0.10259446
-0.03981310
-0.18931820
-0.33783537
-0.47736915
-0.60071614
-0.70208372
-0.77756355
-0.82541341
-0.84612080
-0.84224470
-0.81805499
-0.77900984
-0.73112823
-0.68032516
-0.63178049
-0.58940828
-0.55548215
-0.53045512
-0.51299130
-0.50020389
-0.48807157
-0.47198625
-0.44737092
-0.41029881
-0.35804459
-0.28950601
-0.20544770
-0.10853825
-0.00317370
0.10489650
0.20910345
0.30269780
0.37942733
0.43418170
0.46353619
0.46613610
0.44288003
0.39688082
0.33320620
0.25842393
0.17999685
0.10558857
0.04235019
-0.00373976
-0.02841565
-0.02949116
-0.00701593
0.03679157
0.09782553
0.17055730
0.24863212
0.32553452
0.39525148
0.45286373
0.49500352
0.52013207
0.52860931
0.52255140
0.50549411
0.48190130
0.45657426
0.43402859
0.41790845
0.41050441
0.41242935
0.42249038
0.43777279
0.45392951
0.46564645
0.46723506
0.45328862
0.41933133
0.36238917
0.28141865
0.17754438
0.05407593
-0.08370250
-0.22895170
-0.37386656
-0.51037594
-0.63088254
-0.72896688
-0.79998233
-0.84147875
-0.85340981
-0.83810073
-0.79997860
-0.74509159
-0.68046612
-0.61336803
-0.55054440
-0.49752534
-0.45805925
-0.43374169
-0.42387816
-0.42559681
-0.43420104
-0.44372651
-0.44764537
-0.43964438
-0.41439478
-0.36823203
-0.29967134
-0.20970168
-0.10182264
0.01818497
0.14273665
0.26312572
0.37034360
0.45595788
0.51296078
0.53650224
0.52443251
0.47759726
0.39985266
0.29779514
0.18022889
0.05742029
-0.05979060
-0.16093710
-0.23684122
-0.28041057
-0.28724167
-0.25597407
-0.18836433
-0.08907652
0.03478627
0.17436010
0.31983882
0.46135153
0.58981289
0.69766511
0.77944301
0.83211290
0.85516048
0.85042865
0.82173204
0.77429705
0.71409292
0.64712885
0.57879330
0.51330519
0.45333239
0.39981342
0.35199516
0.30767525
0.26361564
0.21607515
0.16139702
0.09658181
0.01977899
-0.06935963
-0.16950556
-0.27767852
-0.38946850
-0.49943073
-0.60160991
-0.69013579
-0.75982432
-0.80671780
-0.82850440
-0.82477037
-0.79705696
-0.74871497
-0.68457251
-0.61045137
-0.53258424
-0.45699547
-0.38891219
-0.33226893
-0.28935861
-0.26066684
-0.24490615
-0.23924498
-0.23970498
-0.24168160
-0.24052951
-0.23214736
-0.21349603
-0.18299236
-0.14073311
-0.08852334
-0.02970403
0.03120344
0.08899858
0.13839460
0.17463845
0.19408969
0.19469370
0.17629544
0.14075641
0.09185829
0.03499925
-0.02328887
-0.07595498
-0.11611279
-0.13772473
-0.13621503
-0.10894840
-0.05552403
0.02214644
0.11998611
0.23211103
0.35136380
0.46996826
0.58023925
0.67527527
0.74956432
0.79944214
0.82335816
0.82192418
0.79774416
0.75504596
0.69915698
0.63588121
0.57084571
0.50888692
0.45354247
0.40670274
0.36845836
0.33715917
0.30967675
0.28184074
0.24900038
0.20664902
0.15104210
0.07974006
-0.00798508
-0.11092605
-0.22592685
-0.34808432
-0.47114660
-0.58806935
-0.69167302
-0.77533401
-0.83363761
-0.86292485
-0.86167542
-0.83068600
-0.77302406
-0.69376068
-0.59950856
-0.49781174
-0.39644872
-0.30271969
-0.22278974
-0.16115442
-0.12028043
-0.10045635
-0.09986582
-0.11487271
-0.14048544
-0.17094926
-0.20040223
-0.22352437
-0.23611079
-0.23550823
-0.22086950
-0.19319994
-0.15519285
-0.11087339
-0.06509118
-0.02291815
0.01098142
0.03293893
0.04076185
0.03405259
0.01432884
-0.01507006
-0.04928349
-0.08240683
-0.10809691
-0.12024265
-0.11363048
-0.08453420
-0.03116609
0.04605937
0.14447901
0.25935868
0.38427908
0.51169176
0.63358983
0.74222583
0.83080428
0.89407921
0.92879679
0.93393954
0.91074894
0.86252681
0.79423827
0.71196003
0.62223316
0.53138928
0.44492129
0.36696421
0.29993986
0.24440083
0.19908801
0.16119256
0.12679157
0.09140775
0.05063043
0.00072840
-0.06081370
-0.13489584
-0.22058529
-0.31510750
-0.41404853
-0.51174977
-0.60185458
-0.67794995
-0.73423563
-0.76614967
-0.77088336
-0.74772960
-0.69822603
-0.62607527
-0.53684815
-0.43749797
-0.33573421
-0.23931837
-0.15535306
-0.08963633
-0.04614628
-0.02670767
-0.03087325
-0.05603029
-0.09771940
-0.15013086
-0.20672535
-0.26091356
-0.30672327
-0.33938470
-0.35577362
-0.35466774
-0.33679172
-0.30464887
-0.26216055
-0.21415471
-0.16576087
-0.12177898
-0.08609198
-0.06118706
-0.04783888
-0.04499043
-0.04984565
-0.05816542
-0.06473597
-0.06396022
-0.05050901
-0.01996201
0.03063108
0.10233066
0.19407568
0.30266801
0.42297753
0.54834985
0.67117691
0.78357385
0.87809382
0.94840838
0.98988457
1.00000000
0.97855423
0.92765576
0.85148690
0.75587197
0.64769433
0.53422315
0.42241987
0.31829580
0.22638651
0.14939579
0.08804375
0.04113170
0.00581337
-0.02195983
-0.04687024
-0.07360573
-0.10624147
-0.14770005
-0.19934969
-0.26078490
-0.32981453
-0.40265937
-0.47433876
-0.53920510
-0.59156899
-0.62634740
-0.63966455
-0.62933948
-0.59520614
-0.53922905
-0.46539905
-0.37941688
-0.28819465
-0.19922470
-0.11987935
-0.05671304
-0.01483791
0.00256310
-0.00546442
-0.03756484
-0.09021727
-0.15809113
-0.23457556
-0.31047751
-0.37969057
-0.43602573
-0.47475743
-0.49300924
-0.48993867
-0.46670752
-0.42624658
-0.37284515
-0.31161335
-0.24787778
-0.18657708
-0.13172233
-0.08597950
-0.05041677
-0.02444132
-0.00592934
0.00846791
0.02287779
0.04167053
0.06889367
0.10773938
0.16010305
0.22628147
0.30484389
0.39269015
0.48529069
0.57708355
0.66198714
0.73397568
0.78765761
0.81879762
0.82472874
0.80461302
0.75952506
0.69235119
0.60751615
0.51056657
0.40765497
0.30497762
0.20822339
0.12208876
0.04990650
-0.00657734
-0.04725914
-0.07356500
-0.08818620
-0.09469445
-0.09708111
-0.09927105
-0.10466390
-0.11575125
-0.13384944
-0.15897438
-0.18986933
-0.22417976
-0.25875376
-0.29003323
-0.31449164
-0.32906956
-0.33156004
-0.32090150
-0.29734621
-0.26248591
-0.21913148
-0.17105930
-0.12265078
-0.07846312
-0.04277600
-0.01916166
-0.01012281
-0.01683577
-0.03902481
-0.07498013
-0.12171687
-0.17525801
-0.23101146
-0.28420238
-0.33031646
-0.36550946
-0.38694237
-0.39300991
-0.38344150
-0.35926751
-0.32265745
-0.27665008
-0.22480617
-0.17082208
-0.11814561
-0.06963459
-0.02729330
0.00788735
0.03597104
0.05799727
0.07579375
0.09170264
0.10825250
0.12781289
0.15227025
0.18276076
0.21948953
0.26165582
0.30749238
0.35441489
0.39926543
0.43862417
0.46915617
0.48795675
0.49285892
0.48267082
0.45731829
0.41787798
0.36649752
0.30621138
0.24067143
0.17381995
0.10953847
0.05130800
0.00191428
-0.03677289
-0.06392571
-0.07977910
-0.08554632
-0.08324076
-0.07542454
-0.06491159
-0.05445745
-0.04646829
-0.04275928
-0.04438652
-0.05156850
-0.06370314
-0.07947631
-0.09704800
-0.11429412
-0.12907638
-0.13951008
-0.14420028
-0.14242054
-0.13421486
-0.12041221
-0.10255203
-0.08272927
-0.06337561
-0.04700049
-0.03591978
-0.03200100
-0.03645207
-0.04967609
-0.07120738
-0.09973551
-0.13321490
-0.16904863
-0.20432737
-0.23609910
-0.26164203
-0.27871316
-0.28574791
-0.28199118
-0.26754800
-0.24334989
-0.21104210
-0.17280473
-0.13112748
-0.08856202
-0.04747802
-0.00984776
0.02291908
0.05007462
0.07155748
0.08794234
0.10032195
0.11013596
0.11896656
0.12832404
0.13944607
0.15313263
0.16963448
0.18860701
0.20913397
0.22981825
0.24892942
0.26459190
0.27499320
0.27858974
0.27428805
0.26158190
0.24063073
0.21227072
0.17795731
0.13964491
0.09961622
0.06027846
0.02394754
-0.00735812
-0.03209334
-0.04931425
-0.05874631
-0.06078640
-0.05643994
-0.04720045
-0.03488507
-0.02144350
-0.00876069
0.00152672
0.00818143
0.01046931
0.00820662
0.00174704
-0.00808827
-0.02012887
-0.03300725
-0.04532809
-0.05583565
-0.06356103
-0.06793359
-0.06884473
-0.06665773
-0.06216312
-0.05648486
-0.05094820
-0.04692357
-0.04566401
-0.04815351
-0.05498304
-0.06626745
-0.08161240
-0.10013489
-0.12053551
-0.14121492
-0.16042243
-0.17642160
-0.18765570
-0.19289610
-0.19135892
-0.18277798
-0.16742738
-0.14609185
-0.11998859
-0.09064915
-0.05977395
-0.02907453
-0.00011980
0.02579831
0.04776663
0.06531043
0.07840597
0.08744611
0.09316376
0.09652269
0.09858802
0.10039107
0.10280316
0.10643202
0.11155164
0.11807270
0.12555614
0.13326791
0.14026830
0.14552575
0.14804244
0.14697778
0.14175623
0.13214769
0.11831169
0.10080043
0.08052029
0.05865558
0.03656261
0.01564476
-0.00277830
-0.01759393
-0.02799977
-0.03357653
-0.03432312
-0.03065085
-0.02333770
-0.01344784
-0.00222483
0.00903016
0.01908276
0.02687961
0.03164120
0.03292440
0.03064888
0.02508584
0.01681113
0.00662862
-0.00452732
-0.01569940
-0.02601328
-0.03477049
-0.04151865
-0.04609199
-0.04861828
-0.04949201
-0.04931753
-0.04882861
-0.04879374
-0.04991774
-0.05275047
-0.05761285
-0.06454812
-0.07330380
-0.08334623
-0.09390634
-0.10405180
-0.11277800
-0.11910824
-0.12219287
-0.12139689
-0.11636707
-0.10707170
-0.09380901
-0.07718347
-0.05805269
-0.03745040
-0.01649354
0.00371699
0.02219195
0.03813619
0.05100988
0.06056290
0.06683949
0.07015353
0.07103775
0.07017290
0.06830475
0.06615802
0.06435650
0.06335758
0.06340792
0.06452452
0.06650267
0.06894937
0.07133799
0.07307787
0.07359101
0.07238714
0.06912893
0.06368029
0.05613230
0.04680403
0.03621816
0.02505390
0.01408225
0.00409040
-0.00419673
-0.01018957
-0.01349409
-0.01395266
-0.01166158
-0.00696338
-0.00041491
0.00726556
0.01526655
0.02276006
0.02897870
0.03328576
0.03523101
0.03458710
0.03136312
0.02579453
0.01831097
0.00948581
-0.00002685
-0.00956107
-0.01850633
-0.02636629
-0.03280304
-0.03766265
-0.04097953
-0.04295998
-0.04394695
-0.04437047
-0.04468925
-0.04533029
-0.04663295
-0.04880392
-0.05188765
-0.05575567
-0.06011591
-0.06454075
-0.06851102
-0.07147101
-0.07288873
-0.07231486
-0.06943423
-0.06410429
-0.05637656
-0.04649881
-0.03489763
-0.02214331
-0.00890052
0.00413008
0.01627335
0.02693818
0.03566709
0.04217215
0.04635380
