0.00214335
0.01407546
0.02625586
0.03710489
0.04572912
0.05199550
0.05645137
0.06011022
0.06414745
0.06956758
0.07690984
0.08605311
0.09616357
0.10580245
0.11318162
0.11652563
0.11447644
0.10646478
0.09297261
0.07562569
0.05708058
0.04070411
0.03007960
0.02840640
0.03788336
0.05917670
0.09106761
0.13035305
0.17203911
0.20982308
0.23681551
0.24641363
0.23320876
0.19379849
0.12738095
0.03603489
-0.07536985
-0.19963458
-0.32801610
-0.45123339
-0.56056129
-0.64885903
-0.71138666
-0.74628985
-0.75467963
-0.74029182
-0.70877327
-0.66669915
-0.62046805
-0.57524377
-0.53410954
-0.48777356
-0.44559208
-0.40321170
-0.35528161
-0.29655068
-0.22296479
-0.13259566
-0.02625653
0.09229538
0.21661020
0.33822547
0.44768713
0.53577356
0.59475261
0.61949467
0.60828172
0.56319228
0.48999958
0.39758627
0.29694573
0.19989701
0.11768041
0.05961783
0.03201376
0.03744084
0.07450137
0.13809228
0.22013270
0.31065136
0.39908332
0.47559888
0.53228586
0.56402876
0.56897313
0.54852263
0.50688267
0.45022813
0.38562489
0.31986825
0.25841117
0.20454041
0.15892130
0.11957720
0.08230566
0.04146896
-0.00895862
-0.07424302
-0.15781489
-0.26043030
-0.37969976
-0.51006649
-0.64325125
-0.76911515
-0.87683120
-0.95621039
-0.99900339
-1.00000000
-0.95777311
-0.87496139
-0.75804612
-0.61664611
-0.46242023
-0.30772019
-0.16417057
-0.04136299
0.05416459
0.11953132
0.15562539
0.16671735
0.15963706
0.14263598
0.12410050
0.11130140
0.10935934
0.12057443
0.14421558
0.17679812
0.21280677
0.24575394
0.26941165
0.27902615
0.27232187
0.25012817
0.21651397
0.17838597
0.14458636
0.12460325
0.12707154
0.15828218
0.22092777
0.31328880
0.42900955
0.55753297
0.68516981
0.79668294
0.87718640
0.91410428
0.89891464
0.82842443
0.70537958
0.53830430
0.34057089
0.12881218
-0.07911473
-0.26633686
-0.41904080
-0.52812601
-0.59020559
-0.60781689
-0.58881813
-0.54506385
-0.49055583
-0.43933950
-0.40344991
-0.39120004
-0.40605076
-0.44621371
-0.50503051
-0.57205933
-0.63469991
-0.68011485
-0.69716832
-0.67810680
-0.61974958
-0.52403024
-0.39782458
-0.25210028
-0.10051539
0.04233563
0.16278751
0.24983189
0.29648290
0.30061014
0.26514303
0.19763489
0.10925838
0.01337468
-0.07613055
-0.14652756
-0.18772712
-0.19338831
-0.16152296
-0.09453777
0.00126999
0.11667812
0.24082379
0.36262714
0.47216207
0.56179490
0.62694829
0.66640226
0.68210960
0.67857065
0.66187204
0.63853930
0.61437631
0.59346417
0.57746643
0.56534273
0.55351241
0.53644459
0.50758878
0.46050987
0.39006081
0.29341864
0.17082714
0.02592904
-0.13437240
-0.30051722
-0.46128693
-0.60507014
-0.72122931
-0.80138662
-0.84045557
-0.83727806
-0.79477898
-0.71961528
-0.62136426
-0.51135816
-0.40131897
-0.30197398
-0.22183343
-0.16628851
-0.13714236
-0.13262682
-0.14789010
-0.17587645
-0.20846567
-0.23770646
-0.25696714
-0.26184176
-0.25068704
-0.22471982
-0.18766945
-0.14504368
-0.10312302
-0.06783738
-0.04369617
-0.03293517
-0.03501252
-0.04584511
-0.05984174
-0.06962036
-0.06763662
-0.04735448
-0.00429474
0.06318851
0.15351297
0.26191012
0.38089792
0.50111893
0.61242959
0.70509373
0.77092218
0.80421011
0.80235440
0.76607831
0.69924509
0.60829713
0.50140579
0.38745262
0.27498093
0.17125503
0.08154491
0.00871873
-0.04681970
-0.08685981
-0.11483609
-0.13509512
-0.15209171
-0.16963296
-0.19027694
-0.21496664
-0.24294279
-0.27193717
-0.29860782
-0.31914324
-0.32994034
-0.32825249
-0.31271051
-0.28363993
-0.24312837
-0.19483348
-0.14355922
-0.09466052
-0.05336014
-0.02407263
-0.00982828
-0.01187507
-0.02951099
-0.06016713
-0.09972773
-0.14304143
-0.18455361
-0.21897505
-0.24189919
-0.25028989
-0.24278097
-0.21975552
-0.18320374
-0.13638741
-0.08336389
-0.02843936
0.02437243
0.07181362
0.11170953
0.14312252
0.16632116
0.18257934
0.19384356
0.20232344
0.21006939
0.21860062
0.22863723
0.23997331
0.25150619
0.26141411
0.26745298
0.26732618
0.25907188
0.24141028
0.21400007
0.17756688
0.13388485
0.08561361
0.03601285
-0.01142652
-0.05338475
-0.08709534
-0.11065655
-0.12323262
-0.12512030
-0.11767491
-0.10310920
-0.08419436
-0.06390521
-0.04505717
-0.02998250
-0.02028608
-0.01670890
-0.01911195
-0.02657631
-0.03759975
-0.05035780
-0.06298991
-0.07386946
-0.08182060
-0.08625383
-0.08720497
-0.08527659
-0.08149476
-0.07710589
-0.07334624
-0.07121943
-0.07131526
-0.07369652
-0.07786939
-0.08284142
-0.08725763
-0.08959469
-0.08838484
-0.08243746
-0.07102686
-0.05401991
-0.03192598
-0.00586223
0.02256049
0.05141571
0.07867909
0.10245693
0.12119552
0.13384480
0.13995632
0.13970494
0.13383407
0.12353445
0.11027481
0.09560866
0.08098360
0.06757810
0.05618594
0.04716115
0.04042754
0.03554757
0.03183760
0.02851044
0.02482326
0.02020889
0.01437198
0.00733711
