-0.00192690000000000
-0.00524210000000000
-0.00798990000000000
-0.00639910000000000
-0.00195600000000000
0.00167270000000000
0.00171570000000000
0.000892140000000000
0.00138350000000000
0.00230530000000000
0.00228630000000000
0.00179810000000000
0.00193620000000000
0.00232790000000000
0.00220420000000000
0.00197400000000000
0.00216700000000000
0.00235750000000000
0.00220990000000000
0.00212980000000000
0.00230220000000000
0.00236670000000000
0.00224950000000000
0.00225250000000000
0.00237280000000000
0.00237100000000000
0.00229800000000000
0.00233400000000000
0.00240190000000000
0.00237390000000000
0.00233760000000000
0.00237670000000000
0.00240450000000000
0.00237210000000000
0.00235850000000000
0.00238650000000000
0.00238870000000000
0.00236060000000000
0.00235680000000000
0.00236990000000000
0.00235780000000000
0.00233520000000000
0.00233250000000000
0.00233180000000000
0.00231280000000000
0.00229360000000000
0.00228690000000000
0.00227570000000000
0.00225330000000000
0.00223480000000000
0.00222240000000000
0.00220360000000000
0.00217930000000000
0.00215920000000000
0.00214080000000000
0.00211670000000000
0.00209070000000000
0.00206770000000000
0.00204390000000000
0.00201610000000000
0.00198800000000000
0.00196150000000000
0.00193320000000000
0.00190240000000000
0.00187190000000000
0.00184180000000000
0.00180980000000000
0.00177640000000000
0.00174330000000000
0.00170990000000000
0.00167490000000000
0.00163910000000000
0.00160340000000000
0.00156700000000000
0.00152950000000000
0.00149150000000000
0.00145330000000000
0.00141440000000000
0.00137460000000000
0.00133450000000000
0.00129410000000000
0.00125300000000000
0.00121130000000000
0.00116940000000000
0.00112700000000000
0.00108410000000000
0.00104080000000000
0.000997190000000000
0.000953190000000000
0.000908750000000000
0.000864020000000000
0.000819040000000000
0.000773710000000000
0.000728060000000000
0.000682190000000000
0.000636100000000000
0.000589730000000000
0.000543150000000000
0.000496400000000000
0.000449480000000000
0.000402380000000000
0.000355140000000000
0.000307790000000000
0.000260330000000000
0.000212770000000000
0.000165140000000000
0.000117470000000000
6.97470000000000e-05
2.20010000000000e-05
-2.57390000000000e-05
-7.34630000000000e-05
-0.000121160000000000
-0.000168820000000000
-0.000216400000000000
-0.000263910000000000
-0.000311320000000000
-0.000358610000000000
-0.000405770000000000
-0.000452780000000000
-0.000499630000000000
-0.000546300000000000
-0.000592770000000000
-0.000639030000000000
-0.000685070000000000
-0.000730850000000000
-0.000776380000000000
-0.000821630000000000
-0.000866590000000000
-0.000911240000000000
-0.000955570000000000
-0.000999560000000000
-0.00104320000000000
-0.00108650000000000
-0.00112940000000000
-0.00117190000000000
-0.00121390000000000
-0.00125560000000000
-0.00129680000000000
-0.00133750000000000
-0.00137780000000000
-0.00141760000000000
-0.00145690000000000
-0.00149570000000000
-0.00153400000000000
-0.00157170000000000
-0.00160890000000000
-0.00164550000000000
-0.00168150000000000
-0.00171700000000000
-0.00175180000000000
-0.00178600000000000
-0.00181960000000000
-0.00185260000000000
-0.00188490000000000
-0.00191650000000000
-0.00194750000000000
-0.00197770000000000
-0.00200730000000000
-0.00203620000000000
-0.00206440000000000
-0.00209170000000000
-0.00211840000000000
-0.00214440000000000
-0.00216960000000000
-0.00219390000000000
-0.00221750000000000
-0.00224030000000000
-0.00226230000000000
-0.00228340000000000
-0.00230390000000000
-0.00232350000000000
-0.00234200000000000
-0.00235990000000000
-0.00237710000000000
-0.00239320000000000
-0.00240830000000000
-0.00242280000000000
-0.00243660000000000
-0.00244900000000000
-0.00246040000000000
-0.00247160000000000
-0.00248180000000000
-0.00249030000000000
-0.00249810000000000
-0.00250600000000000
-0.00251230000000000
-0.00251660000000000
-0.00252100000000000
-0.00252560000000000
-0.00252750000000000
-0.00252760000000000
-0.00252900000000000
-0.00253000000000000
-0.00252700000000000
-0.00252310000000000
-0.00252200000000000
-0.00251880000000000
-0.00251020000000000
-0.00250320000000000
-0.00250000000000000
-0.00249140000000000
-0.00247690000000000
-0.00246820000000000
-0.00246290000000000
-0.00244700000000000
-0.00242690000000000
-0.00241880000000000
-0.00241030000000000
-0.00238430000000000
-0.00236080000000000
-0.00235620000000000
-0.00234100000000000
-0.00230240000000000
-0.00228040000000000
-0.00228120000000000
-0.00225270000000000
-0.00220060000000000
-0.00218890000000000
-0.00219390000000000
-0.00214150000000000
-0.00208010000000000
-0.00209090000000000
-0.00209190000000000
-0.00200230000000000
-0.00194570000000000
-0.00199210000000000
-0.00196810000000000
-0.00183040000000000
-0.00180780000000000
-0.00189620000000000
-0.00180920000000000
-0.00162520000000000
-0.00168400000000000
-0.00180030000000000
-0.00159430000000000
-0.00139640000000000
-0.00159900000000000
-0.00168670000000000
-0.00129810000000000
-0.00117370000000000
-0.00157790000000000
-0.00151250000000000
-0.000900940000000000
-0.00101700000000000
-0.00163130000000000
-0.00120110000000000
-0.000409520000000000
-0.00102290000000000
-0.00173100000000000
-0.000634200000000000
0.000125660000000000
-0.00136970000000000
-0.00183170000000000
0.000672970000000000
0.000674030000000000
-0.00428080000000000
-0.00669200000000000
-0.00192910000000000
0.00111200000000000
-0.00320130000000000
-0.00649100000000000
-0.00234890000000000
0.00113940000000000
-0.000740900000000000
-0.000680390000000000
0.00270230000000000
-0.00129660000000000
-0.0118740000000000
-0.0135810000000000
-0.00383130000000000
0.00215040000000000
0.000214310000000000
0.000132550000000000
0.00228050000000000
-9.77970000000000e-05
-0.00132920000000000
0.00386660000000000
0.00258700000000000
-0.0134040000000000
-0.0265650000000000
-0.0222830000000000
-0.0126050000000000
-0.00992230000000000
-0.00689820000000000
-0.000816200000000000
0.000922270000000000
0.00348380000000000
0.0164380000000000
0.0228450000000000
0.00211380000000000
-0.0267170000000000
-0.0284310000000000
-0.00569140000000000
0.00954010000000000
0.00587900000000000
-0.00527330000000000
-0.0148380000000000
-0.0190700000000000
-0.0120700000000000
0.00152410000000000
0.00756140000000000
0.00485990000000000
0.00895490000000000
0.0237950000000000
0.0251440000000000
-0.00979830000000000
-0.0635380000000000
-0.0853560000000000
-0.0494410000000000
0.0154580000000000
0.0592670000000000
0.0597970000000000
0.0269440000000000
-0.0122720000000000
-0.0246810000000000
0.000571580000000000
0.0238960000000000
0.00339980000000000
-0.0332320000000000
-0.0300410000000000
-0.00421330000000000
-0.0120560000000000
-0.0392180000000000
-0.0320440000000000
-0.0113020000000000
-0.0236950000000000
-0.0219250000000000
0.0575180000000000
0.137980000000000
0.0939410000000000
-0.0267730000000000
-0.0592570000000000
0.0157630000000000
0.0552830000000000
0.00868500000000000
-0.0237930000000000
0.00244250000000000
0.00812350000000000
-0.0318590000000000
-0.0366630000000000
0.0158060000000000
0.0355110000000000
-0.0135360000000000
-0.0453220000000000
-0.00680100000000000
0.0380760000000000
0.0300130000000000
-0.00106230000000000
-0.0164340000000000
-0.0283140000000000
-0.0412540000000000
-0.0257730000000000
0.0163570000000000
0.0363930000000000
0.0146170000000000
-0.00530440000000000
0.0115020000000000
0.0414130000000000
0.0512360000000000
0.0552940000000000
0.0706770000000000
0.0620600000000000
0.00591020000000000
-0.0536820000000000
-0.0773850000000000
-0.0961840000000000
-0.123290000000000
-0.0930120000000000
0.0114740000000000
0.0867000000000000
0.0656300000000000
0.0472330000000000
0.0987760000000000
0.121990000000000
0.0596110000000000
0.0430740000000000
0.107990000000000
0.0495440000000000
-0.165160000000000
-0.201650000000000
0.0790890000000000
0.255730000000000
0.0245190000000000
-0.223510000000000
-0.0574300000000000
0.213330000000000
0.100400000000000
-0.163740000000000
-0.0800290000000000
0.186140000000000
0.165620000000000
-0.0109060000000000
0.0354460000000000
0.111440000000000
-0.126590000000000
-0.364480000000000
-0.151830000000000
0.214450000000000
0.190200000000000
-0.0663970000000000
-0.0476900000000000
0.204270000000000
0.272670000000000
0.0919610000000000
-0.0837810000000000
-0.157170000000000
-0.187910000000000
-0.182660000000000
-0.119230000000000
-0.0105850000000000
0.145590000000000
0.289400000000000
0.301910000000000
0.198450000000000
0.120820000000000
0.0631410000000000
-0.0847150000000000
-0.204020000000000
-0.0921430000000000
0.109050000000000
0.0769330000000000
-0.137850000000000
-0.196660000000000
-0.0185930000000000
0.154680000000000
0.137510000000000
-0.0188330000000000
-0.148970000000000
-0.119980000000000
0.0293470000000000
0.124450000000000
0.102820000000000
0.0734060000000000
0.0334520000000000
-0.130260000000000
-0.260930000000000
-0.0630730000000000
0.275780000000000
0.239070000000000
-0.127130000000000
-0.206690000000000
0.147280000000000
0.359040000000000
0.0962440000000000
-0.265930000000000
-0.368640000000000
-0.322560000000000
-0.257610000000000
-0.0699740000000000
0.185190000000000
0.231220000000000
0.0371320000000000
-0.0772350000000000
0.0557360000000000
0.214600000000000
0.150770000000000
-0.0652840000000000
-0.182360000000000
-0.0987530000000000
0.0603240000000000
0.150830000000000
0.156980000000000
0.104540000000000
-0.0330880000000000
-0.195320000000000
-0.217280000000000
-0.0819370000000000
-0.0181950000000000
-0.103000000000000
-0.0910010000000000
0.134460000000000
0.264950000000000
0.0703790000000000
-0.192490000000000
-0.223380000000000
-0.135950000000000
-0.114210000000000
-0.0437280000000000
0.150650000000000
0.239380000000000
0.114370000000000
0.0418800000000000
0.172530000000000
0.236250000000000
0.0326840000000000
-0.214050000000000
-0.261300000000000
-0.201870000000000
-0.176890000000000
-0.108470000000000
0.0725090000000000
0.225450000000000
0.224500000000000
0.165990000000000
0.175380000000000
0.174280000000000
0.0312680000000000
-0.155930000000000
-0.177440000000000
-0.0708460000000000
-0.0890450000000000
-0.229060000000000
-0.162260000000000
0.195400000000000
0.424340000000000
0.239760000000000
-0.0259590000000000
0.0150180000000000
0.162590000000000
0.0780460000000000
-0.0760610000000000
-0.0121240000000000
0.0957780000000000
0.0129350000000000
-0.0509520000000000
0.108020000000000
0.213750000000000
0.0444180000000000
-0.0981050000000000
0.00521060000000000
0.0231030000000000
-0.231610000000000
-0.308570000000000
0.0244930000000000
0.216020000000000
-0.111780000000000
-0.401850000000000
-0.121130000000000
0.312280000000000
0.312730000000000
0.0932340000000000
0.0821050000000000
0.0929970000000000
-0.146530000000000
-0.327820000000000
-0.158040000000000
0.0153460000000000
-0.135510000000000
-0.260250000000000
0.0159190000000000
0.367950000000000
0.316640000000000
0.0276670000000000
-0.0338300000000000
0.166050000000000
0.309690000000000
0.258520000000000
0.0972270000000000
-0.109010000000000
-0.317660000000000
-0.422450000000000
-0.366190000000000
-0.273440000000000
-0.325620000000000
-0.519830000000000
-0.598970000000000
-0.303750000000000
0.276770000000000
0.704830000000000
0.664000000000000
0.321440000000000
0.0610940000000000
-0.00542620000000000
-0.0439250000000000
-0.147000000000000
-0.252120000000000
-0.341360000000000
-0.430410000000000
-0.391740000000000
-0.0897170000000000
0.363030000000000
0.697020000000000
0.805390000000000
0.699100000000000
0.373420000000000
-0.0735620000000000
-0.323810000000000
-0.235670000000000
-0.119760000000000
-0.285110000000000
-0.510190000000000
-0.420970000000000
-0.138560000000000
-0.0895990000000000
-0.348610000000000
-0.637040000000000
-0.803100000000000
-0.892420000000000
-0.898480000000000
-0.807820000000000
-0.727340000000000
-0.679110000000000
-0.522220000000000
-0.264860000000000
-0.136290000000000
-0.131690000000000
0.0713610000000000
0.524380000000000
0.752940000000000
0.426140000000000
-0.132570000000000
-0.432350000000000
-0.494000000000000
-0.654550000000000
-0.943470000000000
-1.07760000000000
-0.945960000000000
-0.737620000000000
-0.593240000000000
-0.460380000000000
-0.292760000000000
-0.115910000000000
0.192310000000000
0.825760000000000
1.63080000000000
2.09380000000000
1.98080000000000
1.61720000000000
1.30030000000000
0.829530000000000
-0.0199870000000000
-0.942610000000000
-1.45190000000000
-1.47500000000000
-1.20210000000000
-0.675620000000000
0.0356250000000000
0.567250000000000
0.674380000000000
0.643870000000000
0.831240000000000
1.03800000000000
0.819900000000000
0.187320000000000
-0.436180000000000
-0.719240000000000
-0.552930000000000
0.128470000000000
1.18430000000000
2.11170000000000
2.45700000000000
2.36560000000000
2.26910000000000
2.13290000000000
1.52820000000000
0.433440000000000
-0.618330000000000
-1.29920000000000
-1.81380000000000
-2.31930000000000
-2.49050000000000
-2.02640000000000
-1.23120000000000
-0.762740000000000
-0.853340000000000
-1.15260000000000
-1.14920000000000
-0.593840000000000
0.445400000000000
1.59080000000000
2.42580000000000
2.75920000000000
2.69880000000000
2.43220000000000
2.11570000000000
1.79370000000000
1.50990000000000
1.35750000000000
1.46690000000000
1.76800000000000
1.93330000000000
1.63170000000000
1.00390000000000
0.534520000000000
0.363090000000000
0.125060000000000
-0.427150000000000
-1.13300000000000
-1.84380000000000
-2.54840000000000
-3.07860000000000
-3.20010000000000
-3.03740000000000
-2.84130000000000
-2.39950000000000
-1.40970000000000
-0.353900000000000
0.0134520000000000
-0.0993690000000000
0.170500000000000
0.825000000000000
1.00990000000000
0.407730000000000
-0.365150000000000
-0.830320000000000
-1.10170000000000
-1.24210000000000
-1.05040000000000
-0.593860000000000
-0.282140000000000
-0.311070000000000
-0.511330000000000
-0.632280000000000
-0.476830000000000
0.0492470000000000
0.753160000000000
1.27000000000000
1.48720000000000
1.58090000000000
1.60600000000000
1.40760000000000
1.01100000000000
0.680790000000000
0.544110000000000
0.435830000000000
0.224230000000000
-0.0452240000000000
-0.299740000000000
-0.490120000000000
-0.486540000000000
-0.223910000000000
0.0493310000000000
-0.0634330000000000
-0.561040000000000
-0.890880000000000
-0.625510000000000
-0.113480000000000
0.00713000000000000
-0.235450000000000
-0.301690000000000
-0.163910000000000
-0.324170000000000
-0.774880000000000
-0.832850000000000
-0.342480000000000
-0.00492560000000000
-0.145720000000000
-0.202000000000000
0.0470530000000000
-0.0697670000000000
-0.828980000000000
-1.42400000000000
-1.19520000000000
-0.615710000000000
-0.322450000000000
-0.126870000000000
0.364760000000000
0.843790000000000
0.783160000000000
0.284240000000000
-0.130740000000000
-0.224330000000000
-0.138230000000000
-0.0327250000000000
0.0529970000000000
0.0934290000000000
0.00306710000000000
-0.253660000000000
-0.500850000000000
-0.441750000000000
-0.0311360000000000
0.390000000000000
0.494960000000000
0.364820000000000
0.296930000000000
0.383780000000000
0.482890000000000
0.460390000000000
0.263620000000000
-0.0954410000000000
-0.474180000000000
-0.673200000000000
-0.683090000000000
-0.664720000000000
-0.674200000000000
-0.615220000000000
-0.456000000000000
-0.246090000000000
0.0356140000000000
0.426730000000000
0.813070000000000
1.03270000000000
1.08620000000000
1.05430000000000
0.932780000000000
0.701210000000000
0.425010000000000
0.151950000000000
-0.135850000000000
-0.409750000000000
-0.600770000000000
-0.749560000000000
-0.950770000000000
-1.12340000000000
-1.04770000000000
-0.641930000000000
-0.0591220000000000
0.498890000000000
0.899640000000000
1.08070000000000
1.07760000000000
1.04710000000000
1.13720000000000
1.33300000000000
1.47980000000000
1.42450000000000
1.14790000000000
0.760320000000000
0.365800000000000
-0.0311550000000000
-0.442100000000000
-0.783070000000000
-0.938390000000000
-0.884820000000000
-0.703310000000000
-0.485280000000000
-0.298720000000000
-0.175290000000000
-0.0959420000000000
-0.0261060000000000
0.0133560000000000
-0.0111190000000000
-0.0841180000000000
-0.181440000000000
-0.331190000000000
-0.560570000000000
-0.816740000000000
-0.955410000000000
-0.803820000000000
-0.286540000000000
0.420930000000000
0.958740000000000
1.10680000000000
0.986700000000000
0.830370000000000
0.697140000000000
0.518370000000000
0.301750000000000
0.146220000000000
0.101380000000000
0.0819650000000000
-0.0650360000000000
-0.381610000000000
-0.696320000000000
-0.803900000000000
-0.733940000000000
-0.667340000000000
-0.571530000000000
-0.241780000000000
0.237150000000000
0.485940000000000
0.377160000000000
0.193990000000000
0.137640000000000
0.121050000000000
0.0717040000000000
0.0391560000000000
-0.0962120000000000
-0.521070000000000
-0.998750000000000
-0.993540000000000
-0.475010000000000
-0.0129290000000000
0.0618930000000000
0.0236090000000000
0.132300000000000
0.281710000000000
0.391720000000000
0.597140000000000
0.827840000000000
0.801350000000000
0.586670000000000
0.604110000000000
0.841190000000000
0.793880000000000
0.330440000000000
-0.0850520000000000
-0.228070000000000
-0.394730000000000
-0.696530000000000
-0.852610000000000
-0.838190000000000
-0.941090000000000
-1.03320000000000
-0.631690000000000
0.163840000000000
0.631670000000000
0.509740000000000
0.268250000000000
0.189620000000000
0.0255030000000000
-0.285690000000000
-0.412450000000000
-0.271460000000000
-0.175530000000000
-0.264440000000000
-0.347970000000000
-0.330300000000000
-0.283630000000000
-0.161150000000000
0.136210000000000
0.474410000000000
0.650880000000000
0.719800000000000
0.868110000000000
1.07580000000000
1.14610000000000
0.942280000000000
0.494730000000000
-0.0421310000000000
-0.483800000000000
-0.758270000000000
-0.911070000000000
-0.963080000000000
-0.869000000000000
-0.648690000000000
-0.389830000000000
-0.117390000000000
0.198500000000000
0.519160000000000
0.768010000000000
0.938550000000000
1.00110000000000
0.851140000000000
0.453900000000000
-0.0270140000000000
-0.407740000000000
-0.627810000000000
-0.727170000000000
-0.756840000000000
-0.757940000000000
-0.725880000000000
-0.629690000000000
-0.473950000000000
-0.289710000000000
-0.0504200000000000
0.272900000000000
0.593610000000000
0.808740000000000
0.964320000000000
1.12000000000000
1.12390000000000
0.774420000000000
0.125550000000000
-0.539690000000000
-0.997450000000000
-1.17930000000000
-1.09850000000000
-0.813700000000000
-0.432560000000000
-0.0782820000000000
0.111320000000000
0.0281870000000000
-0.212200000000000
-0.249740000000000
0.129580000000000
0.673210000000000
0.999210000000000
1.04130000000000
0.918320000000000
0.582680000000000
0.0317970000000000
-0.414390000000000
-0.450400000000000
-0.267500000000000
-0.249220000000000
-0.393680000000000
-0.451790000000000
-0.428350000000000
-0.484060000000000
-0.530220000000000
-0.402320000000000
-0.217860000000000
-0.158470000000000
-0.123070000000000
0.0596430000000000
0.312530000000000
0.486620000000000
0.583810000000000
0.624880000000000
0.509700000000000
0.183690000000000
-0.245470000000000
-0.614790000000000
-0.803220000000000
-0.763990000000000
-0.613760000000000
-0.530580000000000
-0.495630000000000
-0.344780000000000
-0.141400000000000
-0.119010000000000
-0.266780000000000
-0.335790000000000
-0.279030000000000
-0.259580000000000
-0.281660000000000
-0.190080000000000
0.00919380000000000
0.162890000000000
0.213140000000000
0.180130000000000
0.0633450000000000
-0.0612640000000000
-0.0340390000000000
0.123020000000000
0.208510000000000
0.178130000000000
0.202680000000000
0.310240000000000
0.320650000000000
0.189440000000000
0.125170000000000
0.263600000000000
0.469690000000000
0.543940000000000
0.464870000000000
0.346950000000000
0.272300000000000
0.221440000000000
0.148760000000000
0.0751920000000000
0.0482630000000000
0.0357410000000000
-0.0302920000000000
-0.105360000000000
-0.0878440000000000
-0.0215960000000000
-0.0783070000000000
-0.290560000000000
-0.452720000000000
-0.346690000000000
0.0162100000000000
0.413460000000000
0.594020000000000
0.468220000000000
0.183280000000000
0.000398060000000000
0.0366090000000000
0.198330000000000
0.335930000000000
0.367500000000000
0.280650000000000
0.138550000000000
0.0590790000000000
0.0905030000000000
0.138420000000000
0.0794790000000000
-0.0947860000000000
-0.297910000000000
-0.426110000000000
-0.360550000000000
-0.0546930000000000
0.305740000000000
0.427810000000000
0.272540000000000
0.103770000000000
0.0895480000000000
0.106500000000000
0.00928630000000000
-0.121840000000000
-0.175670000000000
-0.218270000000000
-0.334400000000000
-0.441420000000000
-0.439670000000000
-0.381550000000000
-0.341100000000000
-0.286130000000000
-0.196550000000000
-0.148020000000000
-0.154160000000000
-0.0904040000000000
0.110850000000000
0.325630000000000
0.405710000000000
0.366430000000000
0.322580000000000
0.324780000000000
0.326750000000000
0.266440000000000
0.132620000000000
-0.0314430000000000
-0.179120000000000
-0.301290000000000
-0.393060000000000
-0.418320000000000
-0.359930000000000
-0.267860000000000
-0.189370000000000
-0.100880000000000
0.0321710000000000
0.175110000000000
0.275930000000000
0.331930000000000
0.356330000000000
0.334920000000000
0.253830000000000
0.112840000000000
-0.0896140000000000
-0.319560000000000
-0.480440000000000
-0.494550000000000
-0.419420000000000
-0.384800000000000
-0.427520000000000
-0.448300000000000
-0.358230000000000
-0.182460000000000
-0.0120440000000000
0.126390000000000
0.273230000000000
0.416870000000000
0.458250000000000
0.346470000000000
0.160550000000000
-0.00145390000000000
-0.135310000000000
-0.260230000000000
-0.330910000000000
-0.312370000000000
-0.252190000000000
-0.179160000000000
-0.0472390000000000
0.146180000000000
0.302380000000000
0.355780000000000
0.332760000000000
0.259990000000000
0.154390000000000
0.112060000000000
0.213540000000000
0.350080000000000
0.338870000000000
0.193900000000000
0.0782250000000000
0.0304360000000000
-0.0280800000000000
-0.0702720000000000
-0.00301270000000000
0.116080000000000
0.141100000000000
0.0835560000000000
0.0693860000000000
0.109860000000000
0.119180000000000
0.0924530000000000
0.0766400000000000
0.0316630000000000
-0.0791490000000000
-0.152780000000000
-0.0733620000000000
0.0783840000000000
0.123740000000000
0.0362200000000000
-0.0585750000000000
-0.0886090000000000
-0.0983310000000000
-0.124800000000000
-0.129970000000000
-0.0646060000000000
0.0601470000000000
0.176100000000000
0.227530000000000
0.229410000000000
0.236560000000000
0.252280000000000
0.209130000000000
0.0688300000000000
-0.110120000000000
-0.234520000000000
-0.278700000000000
-0.277440000000000
-0.261760000000000
-0.236310000000000
-0.195930000000000
-0.146270000000000
-0.0998890000000000
-0.0538580000000000
0.0241430000000000
0.135740000000000
0.206940000000000
0.173540000000000
0.0998180000000000
0.117600000000000
0.232120000000000
0.304650000000000
0.246640000000000
0.120620000000000
0.00685890000000000
-0.102960000000000
-0.221570000000000
-0.291850000000000
-0.275790000000000
-0.234530000000000
-0.241710000000000
-0.264460000000000
-0.220380000000000
-0.122670000000000
-0.0749740000000000
-0.102550000000000
-0.0960160000000000
0.0190670000000000
0.143240000000000
0.136170000000000
0.0294410000000000
-0.0270960000000000
0.00252140000000000
0.0168790000000000
-0.0212080000000000
-0.0301900000000000
0.0179620000000000
0.0297910000000000
-0.0555190000000000
-0.166810000000000
-0.202060000000000
-0.136660000000000
-0.00730550000000000
0.131720000000000
0.218500000000000
0.210730000000000
0.126070000000000
0.0217740000000000
-0.0541390000000000
-0.0775840000000000
-0.0483930000000000
-0.00580200000000000
0.00525550000000000
0.00282860000000000
0.0519360000000000
0.163140000000000
0.248910000000000
0.214020000000000
0.0698230000000000
-0.0756400000000000
-0.151070000000000
-0.195740000000000
-0.266910000000000
-0.323730000000000
-0.276760000000000
-0.123530000000000
0.0511120000000000
0.197600000000000
0.321930000000000
0.395040000000000
0.364730000000000
0.256650000000000
0.150820000000000
0.0626040000000000
-0.0400840000000000
-0.136560000000000
-0.186290000000000
-0.231150000000000
-0.331180000000000
-0.430590000000000
-0.416410000000000
-0.286740000000000
-0.147210000000000
-0.0632020000000000
-0.0195500000000000
0.0142970000000000
0.0577540000000000
0.122360000000000
0.171790000000000
0.144890000000000
0.0609650000000000
0.0270280000000000
0.0920020000000000
0.179950000000000
0.202960000000000
0.157510000000000
0.0821320000000000
0.0142800000000000
0.00159590000000000
0.0574990000000000
0.102690000000000
0.0554060000000000
-0.0432860000000000
-0.0931030000000000
-0.0808080000000000
-0.0558500000000000
-0.0222580000000000
0.0323150000000000
0.0558410000000000
0.00303290000000000
-0.0681010000000000
-0.0744060000000000
-0.0261400000000000
0.0201160000000000
0.0556900000000000
0.0902480000000000
0.103670000000000
0.0801510000000000
0.0320330000000000
-0.0348710000000000
-0.0990470000000000
-0.0833560000000000
0.0499670000000000
0.183460000000000
0.161860000000000
0.0218180000000000
-0.0440310000000000
0.0442820000000000
0.167220000000000
0.197110000000000
0.136110000000000
0.0360690000000000
-0.0763470000000000
-0.164810000000000
-0.179480000000000
-0.133370000000000
-0.0923510000000000
-0.0815200000000000
-0.0692710000000000
-0.0443050000000000
-0.0279840000000000
-0.0386800000000000
-0.100560000000000
-0.232010000000000
-0.355300000000000
-0.323460000000000
-0.132390000000000
0.0197920000000000
-0.00168030000000000
-0.0792660000000000
-0.0577490000000000
0.00992740000000000
-0.00628150000000000
-0.0747410000000000
-0.0764750000000000
-0.0177260000000000
0.00810760000000000
-0.0109180000000000
-0.00285430000000000
0.0651430000000000
0.156950000000000
0.212190000000000
0.193740000000000
0.129220000000000
0.0968080000000000
0.114450000000000
0.0970200000000000
0.000763880000000000
-0.0687120000000000
-0.00742950000000000
0.112460000000000
0.155250000000000
0.136290000000000
0.173870000000000
0.268080000000000
0.281900000000000
0.147420000000000
-0.0326310000000000
-0.128580000000000
-0.133220000000000
-0.122310000000000
-0.134010000000000
-0.146500000000000
-0.131410000000000
-0.0766360000000000
0.0184240000000000
0.121820000000000
0.163920000000000
0.107790000000000
0.00270210000000000
-0.0754180000000000
-0.114800000000000
-0.149020000000000
-0.188400000000000
-0.220500000000000
-0.239600000000000
-0.221680000000000
-0.116720000000000
0.0676210000000000
0.219440000000000
0.229080000000000
0.118940000000000
-0.00301320000000000
-0.0865350000000000
-0.162700000000000
-0.240230000000000
-0.280920000000000
-0.285470000000000
-0.311500000000000
-0.361130000000000
-0.337750000000000
-0.183870000000000
0.00764000000000000
0.110300000000000
0.136120000000000
0.184030000000000
0.267500000000000
0.318080000000000
0.326410000000000
0.344050000000000
0.361680000000000
0.310390000000000
0.185470000000000
0.0585890000000000
-0.0257740000000000
-0.0855380000000000
-0.139920000000000
-0.187260000000000
-0.217190000000000
-0.199620000000000
-0.105370000000000
0.0322710000000000
0.139630000000000
0.208480000000000
0.284210000000000
0.349750000000000
0.327280000000000
0.213380000000000
0.0882670000000000
-0.0150260000000000
-0.125980000000000
-0.217730000000000
-0.210230000000000
-0.112220000000000
-0.0273510000000000
-0.00549400000000000
0.00194150000000000
0.0308150000000000
0.0527640000000000
0.0476350000000000
0.0362900000000000
0.0347950000000000
0.0329030000000000
0.0231700000000000
0.00761930000000000
-0.00935040000000000
-0.0120100000000000
0.00946400000000000
0.0258180000000000
0.00342080000000000
-0.0235820000000000
0.00948800000000000
0.0864000000000000
0.119340000000000
0.0789490000000000
0.0247060000000000
-0.00519640000000000
-0.0380260000000000
-0.0822210000000000
-0.0929120000000000
-0.0547280000000000
-0.0168790000000000
-0.0173740000000000
-0.0291780000000000
-0.0150000000000000
0.0110860000000000
0.000185110000000000
-0.0713690000000000
-0.170160000000000
-0.224540000000000
-0.187380000000000
-0.0892570000000000
-0.00766600000000000
0.0208540000000000
0.0247030000000000
0.0366920000000000
0.0554930000000000
0.0667980000000000
0.0506840000000000
-0.0253960000000000
-0.162130000000000
-0.281980000000000
-0.301030000000000
-0.236970000000000
-0.174880000000000
-0.126540000000000
-0.0254560000000000
0.133570000000000
0.246960000000000
0.233610000000000
0.129940000000000
0.0203430000000000
-0.0518940000000000
-0.0852580000000000
-0.0920520000000000
-0.0959230000000000
-0.103760000000000
-0.0911200000000000
-0.0473170000000000
-0.00278410000000000
0.0336470000000000
0.0922350000000000
0.150920000000000
0.124420000000000
0.0166350000000000
-0.0437550000000000
0.00312970000000000
0.0541960000000000
0.0265970000000000
-0.0199310000000000
-0.0202880000000000
-0.00436220000000000
0.0152200000000000
0.0896910000000000
0.198440000000000
0.236830000000000
0.196700000000000
0.182050000000000
0.212780000000000
0.201780000000000
0.144960000000000
0.136870000000000
0.186830000000000
0.192130000000000
0.110420000000000
0.0151080000000000
-0.0229360000000000
-0.00893810000000000
0.00866470000000000
-0.0188550000000000
-0.0910480000000000
-0.131570000000000
-0.0773330000000000
0.0139170000000000
0.0434080000000000
0.0169220000000000
0.00709030000000000
0.0227790000000000
0.0420190000000000
0.0806860000000000
0.122110000000000
0.0702830000000000
-0.0958010000000000
-0.242200000000000
-0.252080000000000
-0.170040000000000
-0.0867290000000000
-0.0149380000000000
0.0529920000000000
0.0960820000000000
0.121050000000000
0.147820000000000
0.141460000000000
0.0699580000000000
-0.0144700000000000
-0.0731490000000000
-0.163310000000000
-0.290870000000000
-0.308810000000000
-0.132590000000000
0.0814910000000000
0.142830000000000
0.0837010000000000
0.0454150000000000
0.0586950000000000
0.0785260000000000
0.105810000000000
0.131700000000000
0.0976280000000000
0.00969900000000000
-0.0348750000000000
-0.00936110000000000
0.00522240000000000
-0.0158260000000000
-0.00148050000000000
0.0515470000000000
0.0583470000000000
0.0131020000000000
0.00604110000000000
0.0398860000000000
0.0130330000000000
-0.0925750000000000
-0.171000000000000
-0.170330000000000
-0.149130000000000
-0.142450000000000
-0.114500000000000
-0.0575380000000000
-0.00370240000000000
0.0488210000000000
0.107610000000000
0.114330000000000
0.0242690000000000
-0.0867770000000000
-0.116130000000000
-0.0837050000000000
-0.0717050000000000
-0.0780490000000000
-0.0593590000000000
-0.0451850000000000
-0.0887040000000000
-0.154400000000000
-0.170790000000000
-0.143090000000000
-0.121480000000000
-0.107090000000000
-0.0673980000000000
-0.000819510000000000
0.0708040000000000
0.127900000000000
0.147460000000000
0.116920000000000
0.0604990000000000
0.00342350000000000
-0.0687790000000000
-0.156000000000000
-0.191230000000000
-0.132320000000000
-0.0551790000000000
-0.0480080000000000
-0.0695260000000000
-0.0296050000000000
0.0428990000000000
0.0610970000000000
0.0545690000000000
0.121520000000000
0.230530000000000
0.243640000000000
0.132250000000000
0.00555650000000000
-0.0704370000000000
-0.123660000000000
-0.144970000000000
-0.0797360000000000
0.0356900000000000
0.0905290000000000
0.0658780000000000
0.0481790000000000
0.0731820000000000
0.0950240000000000
0.0937260000000000
0.0844400000000000
0.0475110000000000
-0.0261720000000000
-0.0642820000000000
-0.0147530000000000
0.0474730000000000
0.0357910000000000
-0.00222420000000000
0.0203660000000000
0.0780270000000000
0.0999450000000000
0.0951470000000000
0.0957950000000000
0.0762520000000000
0.0257110000000000
0.00269850000000000
0.0330360000000000
0.0583460000000000
0.0374320000000000
0.000140580000000000
-0.0383940000000000
-0.0959220000000000
-0.138430000000000
-0.103640000000000
-0.0261940000000000
-0.00517340000000000
-0.0460290000000000
-0.0625920000000000
-0.0255360000000000
0.0163680000000000
0.0432900000000000
0.0732920000000000
0.0868060000000000
0.0529470000000000
0.00659110000000000
0.00299100000000000
0.0199930000000000
-0.00200860000000000
-0.0651060000000000
-0.131670000000000
-0.190530000000000
-0.227200000000000
-0.192910000000000
-0.0804960000000000
0.0242160000000000
0.0437940000000000
0.0136130000000000
0.0166680000000000
0.0618320000000000
0.0955750000000000
0.0957240000000000
0.0847930000000000
0.0724390000000000
0.0378740000000000
-0.0308580000000000
-0.105100000000000
-0.137820000000000
-0.122730000000000
-0.115250000000000
-0.161400000000000
-0.225130000000000
-0.237830000000000
-0.202290000000000
-0.168730000000000
-0.122090000000000
-0.0142840000000000
0.109840000000000
0.149500000000000
0.115410000000000
0.112440000000000
0.164620000000000
0.193470000000000
0.166610000000000
0.121940000000000
0.0589620000000000
-0.0397290000000000
-0.107760000000000
-0.0782300000000000
-0.0219370000000000
-0.0388850000000000
-0.0799030000000000
-0.0442280000000000
0.0298080000000000
0.0482670000000000
0.0420290000000000
0.0765830000000000
0.0832360000000000
-0.0171640000000000
-0.121060000000000
-0.0800240000000000
0.0552260000000000
0.129170000000000
0.137420000000000
0.193300000000000
0.302740000000000
0.363800000000000
0.349410000000000
0.324120000000000
0.300720000000000
0.222370000000000
0.0837990000000000
-0.0438360000000000
-0.118380000000000
-0.173090000000000
-0.242850000000000
-0.308760000000000
-0.326300000000000
-0.270190000000000
-0.144930000000000
0.0110290000000000
0.130500000000000
0.162440000000000
0.128820000000000
0.103680000000000
0.111360000000000
0.0891770000000000
-0.0130210000000000
-0.134710000000000
-0.170010000000000
-0.108980000000000
-0.0474580000000000
-0.0499900000000000
-0.0769010000000000
-0.0688860000000000
-0.0412140000000000
-0.0464080000000000
-0.0909960000000000
-0.129290000000000
-0.123320000000000
-0.0736490000000000
0.000539710000000000
0.0859830000000000
0.168690000000000
0.215930000000000
0.195250000000000
0.117060000000000
0.0388920000000000
0.00709580000000000
0.0121710000000000
0.0150810000000000
-0.00537200000000000
-0.0546980000000000
-0.129680000000000
-0.193590000000000
-0.188660000000000
-0.113010000000000
-0.0332680000000000
0.00894680000000000
0.0438740000000000
0.0901970000000000
0.103750000000000
0.0578590000000000
-0.00296880000000000
-0.0460690000000000
-0.101860000000000
-0.185090000000000
-0.248630000000000
-0.263200000000000
-0.249640000000000
-0.199460000000000
-0.0600950000000000
0.155680000000000
0.335800000000000
0.389750000000000
0.334950000000000
0.239550000000000
0.149060000000000
0.0812430000000000
0.0238540000000000
-0.0624860000000000
-0.178740000000000
-0.255620000000000
-0.241070000000000
-0.175590000000000
-0.115760000000000
-0.0475020000000000
0.0605940000000000
0.160900000000000
0.173780000000000
0.102020000000000
0.0350710000000000
0.0328390000000000
0.0673430000000000
0.0801730000000000
0.0646450000000000
0.0582650000000000
0.0630550000000000
0.0201010000000000
-0.0923180000000000
-0.191840000000000
-0.193210000000000
-0.132050000000000
-0.0968590000000000
-0.0842840000000000
-0.0233390000000000
0.0744000000000000
0.117100000000000
0.0847170000000000
0.0654070000000000
0.114230000000000
0.179600000000000
0.190530000000000
0.139490000000000
0.0569400000000000
-0.0251740000000000
-0.0690030000000000
-0.0459030000000000
0.0181450000000000
0.0591150000000000
0.0469790000000000
0.00884590000000000
-0.0226610000000000
-0.0398180000000000
-0.0358160000000000
0.00370800000000000
0.0675830000000000
0.108690000000000
0.0931390000000000
0.0425280000000000
0.00736900000000000
0.00644340000000000
0.0127090000000000
-0.00440660000000000
-0.0400100000000000
-0.0641270000000000
-0.0580560000000000
-0.0268110000000000
0.0145660000000000
0.0473420000000000
0.0502850000000000
0.0244730000000000
0.00676550000000000
0.0266660000000000
0.0559950000000000
0.0413430000000000
-0.0192260000000000
-0.0761120000000000
-0.100710000000000
-0.107910000000000
-0.108060000000000
-0.0912840000000000
-0.0651500000000000
-0.0571440000000000
-0.0701550000000000
-0.0679930000000000
-0.0201010000000000
0.0605650000000000
0.129070000000000
0.149780000000000
0.126930000000000
0.0949960000000000
0.0735600000000000
0.0423260000000000
-0.0157570000000000
-0.0752480000000000
-0.105860000000000
-0.124350000000000
-0.161260000000000
-0.200480000000000
-0.202330000000000
-0.165900000000000
-0.118830000000000
-0.0633870000000000
0.0134040000000000
0.0876780000000000
0.115080000000000
0.0918550000000000
0.0567550000000000
0.0296760000000000
0.000152150000000000
-0.0283200000000000
-0.0261620000000000
0.0133140000000000
0.0534290000000000
0.0635400000000000
0.0601690000000000
0.0729040000000000
0.0927020000000000
0.0864940000000000
0.0491050000000000
0.00875280000000000
-0.0126150000000000
-0.0133100000000000
0.00618020000000000
0.0386920000000000
0.0511020000000000
0.00950840000000000
-0.0692190000000000
-0.117950000000000
-0.0927860000000000
-0.0262480000000000
0.0101800000000000
-0.0119370000000000
-0.0597910000000000
-0.0891600000000000
-0.0913300000000000
-0.0845470000000000
-0.0827650000000000
-0.0895140000000000
-0.105940000000000
-0.118100000000000
-0.0905220000000000
-0.00568620000000000
0.0979830000000000
0.156430000000000
0.142830000000000
0.0811630000000000
0.00996280000000000
-0.0404310000000000
-0.0532630000000000
-0.0309560000000000
0.00587910000000000
0.0385840000000000
0.0604150000000000
0.0699850000000000
0.0671780000000000
0.0560040000000000
0.0378540000000000
0.00870490000000000
-0.0226590000000000
-0.0307580000000000
-0.00890310000000000
0.0125910000000000
0.00497560000000000
-0.0209640000000000
-0.0332630000000000
-0.0142810000000000
0.0300090000000000
0.0716480000000000
0.0715610000000000
0.0169760000000000
-0.0525660000000000
-0.0859900000000000
-0.0755910000000000
-0.0487620000000000
-0.0249820000000000
-0.0162160000000000
-0.0416320000000000
-0.0981080000000000
-0.129220000000000
-0.0790270000000000
0.0326750000000000
0.130740000000000
0.174650000000000
0.183180000000000
0.178800000000000
0.154760000000000
0.101050000000000
0.0298700000000000
-0.0402500000000000
-0.0989220000000000
-0.140070000000000
-0.157210000000000
-0.149340000000000
-0.116380000000000
-0.0566250000000000
0.0223440000000000
0.0966070000000000
0.139410000000000
0.140080000000000
0.107120000000000
0.0648110000000000
0.0384470000000000
0.0328210000000000
0.0250280000000000
-0.00448040000000000
-0.0463950000000000
-0.0786320000000000
-0.0933240000000000
-0.0942850000000000
-0.0838360000000000
-0.0659200000000000
-0.0463320000000000
-0.0249100000000000
0.000526200000000000
0.0246000000000000
0.0407500000000000
0.0530540000000000
0.0677810000000000
0.0840510000000000
0.0936380000000000
0.0840030000000000
0.0435960000000000
-0.0140400000000000
-0.0476790000000000
-0.0390370000000000
-0.0266630000000000
-0.0496330000000000
-0.0794540000000000
-0.0623930000000000
-0.00686790000000000
0.0285140000000000
0.0248590000000000
0.0182120000000000
0.0304550000000000
0.0416690000000000
0.0371530000000000
0.0272390000000000
0.00906240000000000
-0.0399120000000000
-0.108560000000000
-0.140150000000000
-0.104830000000000
-0.0453440000000000
-0.0150370000000000
-0.00827160000000000
0.00919530000000000
0.0355710000000000
0.0461850000000000
0.0399810000000000
0.0248780000000000
-0.00813900000000000
-0.0549430000000000
-0.0775950000000000
-0.0627320000000000
-0.0523840000000000
-0.0773120000000000
-0.103990000000000
-0.0949910000000000
-0.0649800000000000
-0.0386120000000000
-0.00732450000000000
0.0256580000000000
0.0224620000000000
-0.0246580000000000
-0.0602830000000000
-0.0418070000000000
0.00744230000000000
0.0511000000000000
0.0894910000000000
0.129920000000000
0.159020000000000
0.167460000000000
0.164360000000000
0.156640000000000
0.145210000000000
0.132780000000000
0.108920000000000
0.0469000000000000
-0.0456360000000000
-0.109610000000000
-0.108210000000000
-0.0838040000000000
-0.0909220000000000
-0.112400000000000
-0.0944330000000000
-0.0327370000000000
0.0307600000000000
0.0733190000000000
0.104700000000000
0.128000000000000
0.128360000000000
0.0978850000000000
0.0498770000000000
0.00453720000000000
-0.0252500000000000
-0.0400990000000000
-0.0515140000000000
-0.0677280000000000
-0.0829550000000000
-0.0913030000000000
-0.0988270000000000
-0.107030000000000
-0.100390000000000
-0.0707080000000000
-0.0360440000000000
-0.0170740000000000
-0.00742810000000000
0.00855360000000000
0.0270200000000000
0.0383570000000000
0.0510480000000000
0.0685750000000000
0.0647320000000000
0.0224450000000000
-0.0216600000000000
-0.0162730000000000
0.0329930000000000
0.0741670000000000
0.0791180000000000
0.0609360000000000
0.0350180000000000
0.00782950000000000
-0.000254430000000000
0.0304630000000000
0.0805940000000000
0.100640000000000
0.0701540000000000
0.0162500000000000
-0.0254220000000000
-0.0443220000000000
-0.0449040000000000
-0.0326450000000000
-0.0175860000000000
-0.0149550000000000
-0.0301420000000000
-0.0441390000000000
-0.0286400000000000
0.0160050000000000
0.0497760000000000
0.0374080000000000
-0.00547420000000000
-0.0332010000000000
-0.0291830000000000
-0.0182590000000000
-0.0177290000000000
-0.0156150000000000
-0.00387010000000000
0.00471880000000000
0.00854500000000000
0.0232260000000000
0.0435130000000000
0.0395980000000000
0.0101280000000000
-0.00438910000000000
0.0146820000000000
0.0296760000000000
0.00567650000000000
-0.0351880000000000
-0.0517690000000000
-0.0386090000000000
-0.0167380000000000
0.000379570000000000
0.00416540000000000
-0.0157160000000000
-0.0538350000000000
-0.0831470000000000
-0.0835410000000000
-0.0566320000000000
-0.0141470000000000
0.0263030000000000
0.0412190000000000
0.0251410000000000
0.000497340000000000
-0.0155210000000000
-0.0350280000000000
-0.0680390000000000
-0.0942030000000000
-0.0901860000000000
-0.0627570000000000
-0.0318890000000000
-0.000418040000000000
0.0409550000000000
0.0936100000000000
0.140030000000000
0.149940000000000
0.108960000000000
0.0476660000000000
0.0131480000000000
0.00506950000000000
-0.0200400000000000
-0.0695300000000000
-0.0908730000000000
-0.0523720000000000
0.00707840000000000
0.0377270000000000
0.0397230000000000
0.0336350000000000
0.0179440000000000
-0.0108990000000000
-0.0319860000000000
-0.0231410000000000
0.00846980000000000
0.0376320000000000
0.0459280000000000
0.0320600000000000
0.0139060000000000
0.0205900000000000
0.0602890000000000
0.103210000000000
0.113560000000000
0.0891690000000000
0.0493990000000000
0.00503660000000000
-0.0352470000000000
-0.0498090000000000
-0.0311180000000000
-0.00993330000000000
-0.0208270000000000
-0.0532440000000000
-0.0678630000000000
-0.0490100000000000
-0.0156690000000000
0.0104160000000000
0.0201960000000000
0.0124070000000000
-0.00325280000000000
-0.00768430000000000
0.00633870000000000
0.0258700000000000
0.0393710000000000
0.0474150000000000
0.0478940000000000
0.0346500000000000
0.0178870000000000
0.0157860000000000
0.0217150000000000
0.00818200000000000
-0.0296070000000000
-0.0652660000000000
-0.0790940000000000
-0.0766430000000000
-0.0676300000000000
-0.0522780000000000
-0.0309220000000000
-0.00582920000000000
0.0218500000000000
0.0447010000000000
0.0479770000000000
0.0280090000000000
-0.00388960000000000
-0.0394170000000000
-0.0729520000000000
-0.0841600000000000
-0.0557040000000000
-0.0145470000000000
-0.0137160000000000
-0.0613870000000000
-0.103130000000000
-0.0929640000000000
-0.0469950000000000
-0.00893800000000000
0.00524440000000000
0.00486060000000000
-0.00451940000000000
-0.0170550000000000
-0.0140190000000000
0.0158000000000000
0.0502540000000000
0.0553200000000000
0.0283880000000000
-0.00285650000000000
-0.0190060000000000
-0.0199430000000000
-0.00549620000000000
0.0250450000000000
0.0552780000000000
0.0649340000000000
0.0585040000000000
0.0592400000000000
0.0695840000000000
0.0664370000000000
0.0351880000000000
-0.00961240000000000
-0.0452350000000000
-0.0611000000000000
-0.0605270000000000
-0.0519830000000000
-0.0446020000000000
-0.0404570000000000
-0.0329140000000000
-0.0130040000000000
0.0176270000000000
0.0454030000000000
0.0570430000000000
0.0550030000000000
0.0542210000000000
0.0601080000000000
0.0586010000000000
0.0383450000000000
0.0109720000000000
-0.00781650000000000
-0.0261800000000000
-0.0602820000000000
-0.0951900000000000
-0.0914500000000000
-0.0393710000000000
0.0181030000000000
0.0343850000000000
0.0142650000000000
0.000822860000000000
0.0175950000000000
0.0482650000000000
0.0702950000000000
0.0799990000000000
0.0747580000000000
0.0419730000000000
-0.0134270000000000
-0.0550540000000000
-0.0559700000000000
-0.0328350000000000
-0.0165290000000000
-0.0107590000000000
-0.00394890000000000
0.00334690000000000
0.00854640000000000
0.0212570000000000
0.0407760000000000
0.0442250000000000
0.0205080000000000
-0.00510190000000000
-0.00714490000000000
0.00436750000000000
0.00560760000000000
-0.00447630000000000
-0.0158430000000000
-0.0323670000000000
-0.0603190000000000
-0.0846430000000000
-0.0839610000000000
-0.0611800000000000
-0.0396310000000000
-0.0297530000000000
-0.0192800000000000
0.000910230000000000
0.0201400000000000
0.0289060000000000
0.0388810000000000
0.0637570000000000
0.0913920000000000
0.0955610000000000
0.0702660000000000
0.0362210000000000
0.0125210000000000
-0.00197530000000000
-0.0184600000000000
-0.0395850000000000
-0.0593010000000000
-0.0707510000000000
-0.0699900000000000
-0.0536450000000000
-0.0227870000000000
0.0113950000000000
0.0342500000000000
0.0419820000000000
0.0406700000000000
0.0303540000000000
0.00732770000000000
-0.0181130000000000
-0.0287730000000000
-0.0288990000000000
-0.0381540000000000
-0.0522330000000000
-0.0448510000000000
-0.0121220000000000
0.0208910000000000
0.0429360000000000
0.0639260000000000
0.0781190000000000
0.0649480000000000
0.0316680000000000
0.0115290000000000
0.0137540000000000
0.0151870000000000
0.00159530000000000
-0.0173800000000000
-0.0322760000000000
-0.0387320000000000
-0.0289490000000000
-0.00759420000000000
-0.00216070000000000
-0.0245740000000000
-0.0436490000000000
-0.0289950000000000
0.00224340000000000
0.0163710000000000
0.0159940000000000
0.0242000000000000
0.0382010000000000
0.0373910000000000
0.0227620000000000
0.0121890000000000
0.00442010000000000
-0.0167940000000000
-0.0474610000000000
-0.0624580000000000
-0.0502020000000000
-0.0246470000000000
-0.00234840000000000
0.0120560000000000
0.0182980000000000
0.0168850000000000
0.0162070000000000
0.0271010000000000
0.0449050000000000
0.0494080000000000
0.0246510000000000
-0.0270370000000000
-0.0858000000000000
-0.121950000000000
-0.112590000000000
-0.0650280000000000
-0.0157090000000000
0.00426310000000000
-0.00105590000000000
-0.00802560000000000
-0.00424300000000000
0.00579360000000000
0.0133080000000000
0.0106180000000000
-0.00731890000000000
-0.0350520000000000
-0.0558330000000000
-0.0535630000000000
-0.0289100000000000
0.000255400000000000
0.0116860000000000
-0.00212980000000000
-0.0275010000000000
-0.0412950000000000
-0.0296260000000000
0.00348460000000000
0.0368430000000000
0.0444060000000000
0.0235680000000000
0.00281610000000000
0.00344110000000000
0.00727260000000000
-0.00619270000000000
-0.0175620000000000
-0.00283930000000000
0.0151260000000000
0.00446900000000000
-0.0148580000000000
-0.00517770000000000
0.0233560000000000
0.0378030000000000
0.0375920000000000
0.0305290000000000
-8.23550000000000e-05
-0.0505640000000000
-0.0729650000000000
-0.0462310000000000
-0.0156850000000000
-0.0170490000000000
-0.0295730000000000
-0.0347480000000000
-0.0452240000000000
-0.0472820000000000
-0.00715190000000000
0.0464070000000000
0.0437140000000000
-0.00958330000000000
-0.0420370000000000
-0.0414620000000000
-0.0518220000000000
-0.0569410000000000
-0.00241240000000000
0.0734500000000000
0.0760560000000000
0.0179150000000000
0.00164520000000000
0.0439400000000000
0.0616770000000000
0.0278240000000000
0.000928980000000000
-0.000470040000000000
-0.0199810000000000
-0.0594640000000000
-0.0677890000000000
-0.0354160000000000
-0.00575190000000000
-0.00170420000000000
-0.0122310000000000
-0.0309130000000000
-0.0490070000000000
-0.0445190000000000
-0.0215190000000000
-0.0175740000000000
-0.0379580000000000
-0.0351450000000000
0.0149590000000000
0.0717290000000000
0.0913670000000000
0.0823100000000000
0.0761590000000000
0.0826710000000000
0.0909050000000000
0.0890970000000000
0.0717730000000000
0.0395680000000000
-0.00181200000000000
-0.0427170000000000
-0.0655220000000000
-0.0545050000000000
-0.0207060000000000
0.00260930000000000
0.00577440000000000
0.0139990000000000
0.0395920000000000
0.0598350000000000
0.0586490000000000
0.0501330000000000
0.0457370000000000
0.0372560000000000
0.0207570000000000
0.000378920000000000
-0.0312740000000000
-0.0746570000000000
-0.0979420000000000
-0.0758980000000000
-0.0363350000000000
-0.0191550000000000
-0.0154990000000000
0.00530890000000000
0.0408270000000000
0.0732240000000000
0.104330000000000
0.130990000000000
0.126520000000000
0.0879460000000000
0.0544280000000000
0.0465310000000000
0.0352360000000000
0.00307150000000000
-0.0236310000000000
-0.0294410000000000
-0.0378540000000000
-0.0585210000000000
-0.0634360000000000
-0.0403650000000000
-0.0149170000000000
-0.00419470000000000
0.00634660000000000
0.0263340000000000
0.0442630000000000
0.0544390000000000
0.0629010000000000
0.0638410000000000
0.0442790000000000
0.0118800000000000
-0.0102740000000000
-0.0166360000000000
-0.0199070000000000
-0.0245620000000000
-0.0194940000000000
-0.00310280000000000
0.00787720000000000
0.00334560000000000
-0.000616290000000000
0.0124660000000000
0.0292120000000000
0.0260270000000000
0.00883960000000000
0.00236720000000000
0.00766470000000000
0.00519070000000000
-0.00568380000000000
-0.00885640000000000
-0.00756140000000000
-0.0182660000000000
-0.0330680000000000
-0.0282760000000000
-0.00234460000000000
0.0252800000000000
0.0428250000000000
0.0482960000000000
0.0427070000000000
0.0373190000000000
0.0440880000000000
0.0498030000000000
0.0310560000000000
-0.00389800000000000
-0.0249450000000000
-0.0272330000000000
-0.0263980000000000
-0.0221240000000000
-0.0101530000000000
-0.00752450000000000
-0.0170810000000000
-0.00180260000000000
0.0541900000000000
0.0978420000000000
0.0794610000000000
0.0302600000000000
0.0111870000000000
0.0220870000000000
0.0238750000000000
0.00878350000000000
-0.00570630000000000
-0.0223730000000000
-0.0472390000000000
-0.0570060000000000
-0.0263800000000000
0.0286680000000000
0.0684540000000000
0.0750730000000000
0.0634520000000000
0.0579690000000000
0.0667270000000000
0.0712960000000000
0.0473080000000000
-0.00233090000000000
-0.0489180000000000
-0.0760010000000000
-0.0894140000000000
-0.0908570000000000
-0.0710230000000000
-0.0350870000000000
-0.00211520000000000
0.0194840000000000
0.0342490000000000
0.0423190000000000
0.0425180000000000
0.0393410000000000
0.0306300000000000
0.00670700000000000
-0.0270230000000000
-0.0503330000000000
-0.0590900000000000
-0.0641050000000000
-0.0629650000000000
-0.0472540000000000
-0.0331190000000000
-0.0404370000000000
-0.0589150000000000
-0.0684470000000000
-0.0754120000000000
-0.0870500000000000
-0.0849860000000000
-0.0582120000000000
-0.0309650000000000
-0.0205410000000000
-0.0105850000000000
0.00742600000000000
0.0121670000000000
-0.000852520000000000
-0.00545740000000000
0.00133760000000000
-0.0124670000000000
-0.0477970000000000
-0.0583780000000000
-0.0240560000000000
0.0167810000000000
0.0304480000000000
0.0297670000000000
0.0323520000000000
0.0286770000000000
0.0103990000000000
-0.00845260000000000
-0.0150100000000000
-0.0120580000000000
-0.00428350000000000
0.00550380000000000
0.00879620000000000
0.00295550000000000
0.00240200000000000
0.0172420000000000
0.0337570000000000
0.0353590000000000
0.0269880000000000
0.0215180000000000
0.0203340000000000
0.0198330000000000
0.0182560000000000
0.0107670000000000
-0.00175520000000000
-0.00380130000000000
0.0119090000000000
0.0243960000000000
0.0126910000000000
-0.0144170000000000
-0.0420190000000000
-0.0750340000000000
-0.109590000000000
-0.116080000000000
-0.0876320000000000
-0.0648960000000000
-0.0702250000000000
-0.0632330000000000
-0.00398550000000000
0.0811750000000000
0.136370000000000
0.140370000000000
0.105900000000000
0.0549590000000000
0.0149570000000000
0.00317970000000000
-0.00137610000000000
-0.0301360000000000
-0.0700130000000000
-0.0790930000000000
-0.0542190000000000
-0.0279470000000000
-0.00828970000000000
0.0227290000000000
0.0584210000000000
0.0696190000000000
0.0516470000000000
0.0237090000000000
-0.00740120000000000
-0.0441150000000000
-0.0695710000000000
-0.0656280000000000
-0.0493360000000000
-0.0561960000000000
-0.0843570000000000
-0.0916390000000000
-0.0524490000000000
0.00479330000000000
0.0333900000000000
0.0260350000000000
0.0162970000000000
0.0271150000000000
0.0440190000000000
0.0463710000000000
0.0326960000000000
0.00706450000000000
-0.0270570000000000
-0.0493620000000000
-0.0419460000000000
-0.0285800000000000
-0.0466000000000000
-0.0755310000000000
-0.0594400000000000
-0.00205940000000000
0.0318260000000000
0.0182090000000000
-0.00168370000000000
-0.00379820000000000
-0.0107030000000000
-0.0302420000000000
-0.0383750000000000
-0.0312260000000000
-0.0310280000000000
-0.0379710000000000
-0.0292030000000000
-0.00503040000000000
0.0122300000000000
0.0156210000000000
0.0181040000000000
0.0279400000000000
0.0447840000000000
0.0593050000000000
0.0549280000000000
0.0280670000000000
0.00305460000000000
-0.00242600000000000
-0.00347160000000000
-0.0142190000000000
-0.0164210000000000
0.00311870000000000
0.0227950000000000
0.0247910000000000
0.0237430000000000
0.0246020000000000
0.00340260000000000
-0.0403220000000000
-0.0631250000000000
-0.0439510000000000
-0.0178380000000000
-0.0194570000000000
-0.0375840000000000
-0.0492380000000000
-0.0489690000000000
-0.0348040000000000
-0.00630510000000000
0.0114380000000000
-0.00890140000000000
-0.0459260000000000
-0.0478320000000000
-0.00812990000000000
0.0241100000000000
0.0197060000000000
0.00855940000000000
0.0288680000000000
0.0750610000000000
0.118120000000000
0.144310000000000
0.146870000000000
0.108990000000000
0.0316230000000000
-0.0392890000000000
-0.0581420000000000
-0.0431860000000000
-0.0516670000000000
-0.0911270000000000
-0.105760000000000
-0.0597670000000000
0.0131620000000000
0.0635030000000000
0.0851300000000000
0.0966070000000000
0.101190000000000
0.0948110000000000
0.0855380000000000
0.0785200000000000
0.0618760000000000
0.0288960000000000
-0.00302160000000000
-0.0143410000000000
-0.00858140000000000
-0.00237020000000000
-0.00185570000000000
-0.00373120000000000
-0.00513450000000000
-0.00377710000000000
0.00378340000000000
0.0128210000000000
0.0101620000000000
-0.0107170000000000
-0.0388960000000000
-0.0561660000000000
-0.0511720000000000
-0.0269540000000000
0.000407350000000000
0.0100700000000000
-0.00492960000000000
-0.0299010000000000
-0.0418440000000000
-0.0285190000000000
0.00481780000000000
0.0368230000000000
0.0421600000000000
0.0203330000000000
0.000873650000000000
0.00255830000000000
0.00497120000000000
-0.00956810000000000
-0.0186280000000000
-0.00142360000000000
0.0150450000000000
0.00167900000000000
-0.0167600000000000
-0.00439030000000000
0.0241810000000000
0.0366810000000000
0.0352690000000000
0.0269930000000000
-0.00518190000000000
-0.0547780000000000
-0.0738360000000000
-0.0458650000000000
-0.0172750000000000
-0.0198360000000000
-0.0317890000000000
-0.0375200000000000
-0.0483980000000000
-0.0471900000000000
-0.00374920000000000
0.0467310000000000
0.0380360000000000
-0.0156660000000000
-0.0442630000000000
-0.0430250000000000
-0.0547290000000000
-0.0569460000000000
0.00134590000000000
0.0741250000000000
0.0705930000000000
0.0132420000000000
0.00266340000000000
0.0455870000000000
0.0587720000000000
0.0233610000000000
-0.00153860000000000
-0.00326300000000000
-0.0250700000000000
-0.0635910000000000
-0.0685380000000000
-0.0350290000000000
-0.00654070000000000
-0.00331040000000000
-0.0146210000000000
-0.0341470000000000
-0.0509190000000000
-0.0439470000000000
-0.0218290000000000
-0.0214130000000000
-0.0417170000000000
-0.0343270000000000
0.0182300000000000
0.0720720000000000
0.0877590000000000
0.0778820000000000
0.0728880000000000
0.0802870000000000
0.0886070000000000
0.0860790000000000
0.0673070000000000
0.0339580000000000
-0.00754710000000000
-0.0475900000000000
-0.0683910000000000
-0.0550030000000000
-0.0207630000000000
0.000569200000000000
0.00265020000000000
0.0124170000000000
0.0391400000000000
0.0575920000000000
0.0545450000000000
0.0467210000000000
0.0435070000000000
0.0341930000000000
0.0162290000000000
-0.00485110000000000
-0.0370870000000000
-0.0803730000000000
-0.101280000000000
-0.0764390000000000
-0.0370990000000000
-0.0219220000000000
-0.0182090000000000
0.00439760000000000
0.0404400000000000
0.0723240000000000
0.103490000000000
0.129230000000000
0.122020000000000
0.0820200000000000
0.0502490000000000
0.0437090000000000
0.0311750000000000
-0.00185520000000000
-0.0272000000000000
-0.0324460000000000
-0.0423250000000000
-0.0628670000000000
-0.0647400000000000
-0.0396450000000000
-0.0154210000000000
-0.00625140000000000
0.00451880000000000
0.0247350000000000
0.0417180000000000
0.0511650000000000
0.0596760000000000
0.0600280000000000
0.0391590000000000
0.00648760000000000
-0.0145010000000000
-0.0199410000000000
-0.0232870000000000
-0.0278250000000000
-0.0219730000000000
-0.00545480000000000
0.00460700000000000
-7.75910000000000e-05
-0.00259580000000000
0.0113470000000000
0.0267490000000000
0.0220710000000000
0.00542570000000000
9.37450000000000e-05
0.00500050000000000
0.00192560000000000
-0.00824160000000000
-0.0108780000000000
-0.0108250000000000
-0.0226360000000000
-0.0367940000000000
-0.0308500000000000
-0.00460060000000000
0.0232470000000000
0.0407360000000000
0.0449730000000000
0.0382670000000000
0.0338000000000000
0.0416590000000000
0.0460810000000000
0.0254040000000000
-0.00887360000000000
-0.0280310000000000
-0.0298950000000000
-0.0291720000000000
-0.0239950000000000
-0.0120100000000000
-0.0107940000000000
-0.0197510000000000
-0.000986870000000000
0.0563050000000000
0.0961990000000000
0.0737560000000000
0.0250340000000000
0.00864160000000000
0.0201460000000000
0.0208880000000000
0.00539930000000000
-0.00930150000000000
-0.0267140000000000
-0.0513330000000000
-0.0587990000000000
-0.0256680000000000
0.0297420000000000
0.0677220000000000
0.0720410000000000
0.0593680000000000
0.0546240000000000
0.0643550000000000
0.0679300000000000
0.0414580000000000
-0.00922860000000000
-0.0545390000000000
-0.0799560000000000
-0.0924290000000000
-0.0926190000000000
-0.0712270000000000
-0.0347920000000000
-0.00258760000000000
0.0182320000000000
0.0325030000000000
0.0400480000000000
0.0398120000000000
0.0361840000000000
0.0262890000000000
0.00119440000000000
-0.0319770000000000
-0.0534690000000000
-0.0614390000000000
-0.0664960000000000
-0.0643610000000000
-0.0475580000000000
-0.0344650000000000
-0.0437080000000000
-0.0625130000000000
-0.0716100000000000
-0.0789980000000000
-0.0903790000000000
-0.0861360000000000
-0.0577630000000000
-0.0313060000000000
-0.0216400000000000
-0.0109940000000000
0.00665060000000000
0.00949050000000000
-0.00355490000000000
-0.00624240000000000
8.77080000000000e-06
-0.0168480000000000
-0.0521540000000000
-0.0584600000000000
-0.0214570000000000
0.0175010000000000
0.0287590000000000
0.0282140000000000
0.0313940000000000
0.0270660000000000
0.00819440000000000
-0.0104980000000000
-0.0168900000000000
-0.0133790000000000
-0.00450670000000000
0.00530040000000000
0.00727700000000000
0.00140420000000000
0.00270700000000000
0.0181770000000000
0.0328950000000000
0.0334240000000000
0.0262240000000000
0.0216160000000000
0.0196200000000000
0.0183980000000000
0.0167530000000000
0.00877470000000000
-0.00375050000000000
-0.00417010000000000
0.0125940000000000
0.0235170000000000
0.0100390000000000
-0.0166960000000000
-0.0440400000000000
-0.0783540000000000
-0.112400000000000
-0.115260000000000
-0.0850810000000000
-0.0649290000000000
-0.0716980000000000
-0.0610040000000000
0.00232950000000000
0.0866290000000000
0.137900000000000
0.139020000000000
0.103040000000000
0.0516030000000000
0.0129500000000000
0.00294580000000000
-0.00253410000000000
-0.0334300000000000
-0.0723740000000000
-0.0778430000000000
-0.0513610000000000
-0.0260480000000000
-0.00642440000000000
0.0260340000000000
0.0614650000000000
0.0700320000000000
0.0497450000000000
0.0211750000000000
-0.00979850000000000
-0.0459050000000000
-0.0698710000000000
-0.0646140000000000
-0.0488700000000000
-0.0574930000000000
-0.0856720000000000
-0.0899950000000000
-0.0475780000000000
0.00958670000000000
0.0354710000000000
0.0267980000000000
0.0186060000000000
0.0307070000000000
0.0464380000000000
0.0469130000000000
0.0322830000000000
0.00600950000000000
-0.0277980000000000
-0.0475240000000000
-0.0380040000000000
-0.0267460000000000
-0.0477810000000000
-0.0742500000000000
-0.0525170000000000
0.00527040000000000
0.0339980000000000
0.0176250000000000
-0.000229500000000000
-0.000957920000000000
-0.00907440000000000
-0.0285870000000000
-0.0349780000000000
-0.0279010000000000
-0.0294520000000000
-0.0362440000000000
-0.0256570000000000
-0.00113780000000000
0.0149070000000000
0.0179210000000000
0.0214190000000000
0.0325450000000000
0.0500620000000000
0.0635990000000000
0.0567100000000000
0.0284610000000000
0.00475890000000000
0.000570250000000000
-0.00145870000000000
-0.0128620000000000
-0.0132320000000000
0.00794630000000000
0.0266750000000000
0.0275480000000000
0.0268610000000000
0.0272530000000000
0.00394100000000000
-0.0399950000000000
-0.0599120000000000
-0.0385750000000000
-0.0134170000000000
-0.0165340000000000
-0.0345930000000000
-0.0457120000000000
-0.0451200000000000
-0.0299470000000000
-0.000595230000000000
0.0158210000000000
-0.00688590000000000
-0.0439150000000000
-0.0431740000000000
-0.00195690000000000
0.0286760000000000
0.0222100000000000
0.0119050000000000
0.0350860000000000
0.0828970000000000
0.124810000000000
0.148220000000000
0.147650000000000
0.107350000000000
0.0297910000000000
-0.0384580000000000
-0.0541790000000000
-0.0387870000000000
-0.0492250000000000
-0.0893280000000000
-0.101120000000000
-0.0511060000000000
0.0229150000000000
0.0707480000000000
0.0899820000000000
0.101600000000000
0.106230000000000
0.0977330000000000
0.0877140000000000
0.0834630000000000
0.0678070000000000
0.0311090000000000
-0.00138750000000000
-0.00622080000000000
-0.00303330000000000
-0.0273130000000000
-0.0734130000000000
-0.0980110000000000
-0.0729160000000000
-0.0152680000000000
0.0336770000000000
0.0458380000000000
0.0294520000000000
0.0188180000000000
0.0336410000000000
0.0550190000000000
0.0559570000000000
0.0406370000000000
0.0285980000000000
0.0201220000000000
0.00849080000000000
0.00687840000000000
0.0248970000000000
0.0380430000000000
0.0211140000000000
-0.00787770000000000
-0.0165350000000000
-0.0109620000000000
-0.0146200000000000
-0.0203210000000000
-0.00663860000000000
0.0151740000000000
0.0165410000000000
-0.00302720000000000
-0.0183790000000000
-0.0139150000000000
0.00496130000000000
0.0207790000000000
0.0142090000000000
-0.0134950000000000
-0.0304750000000000
-0.0115050000000000
0.0220400000000000
0.0340970000000000
0.0292220000000000
0.0364520000000000
0.0546000000000000
0.0608860000000000
0.0571160000000000
0.0590350000000000
0.0546580000000000
0.0202430000000000
-0.0331580000000000
-0.0701240000000000
-0.0781150000000000
-0.0729290000000000
-0.0680780000000000
-0.0609540000000000
-0.0425540000000000
-0.00860710000000000
0.0283110000000000
0.0429090000000000
0.0266930000000000
0.00419590000000000
-0.00216420000000000
-0.00224030000000000
-0.0111730000000000
-0.0183450000000000
-0.0144990000000000
-0.0173750000000000
-0.0377460000000000
-0.0483710000000000
-0.0246540000000000
0.0127620000000000
0.0312470000000000
0.0350360000000000
0.0417330000000000
0.0405670000000000
0.0140870000000000
-0.0240530000000000
-0.0490580000000000
-0.0607440000000000
-0.0704580000000000
-0.0744630000000000
-0.0647710000000000
-0.0457440000000000
-0.0231300000000000
0.00138660000000000
0.0128660000000000
-0.00380230000000000
-0.0273890000000000
-0.0184350000000000
0.0157550000000000
0.0253820000000000
-0.00476570000000000
-0.0346490000000000
-0.0354470000000000
-0.0252350000000000
-0.0272880000000000
-0.0409740000000000
-0.0602770000000000
-0.0776870000000000
-0.0698670000000000
-0.0232940000000000
0.0308910000000000
0.0510810000000000
0.0414480000000000
0.0368990000000000
0.0462750000000000
0.0515770000000000
0.0458520000000000
0.0378270000000000
0.0283250000000000
0.0114760000000000
-0.00934620000000000
-0.0229970000000000
-0.0230200000000000
-0.0129620000000000
-0.00585810000000000
-0.0114440000000000
-0.0194080000000000
-0.0123250000000000
0.00259860000000000
0.00290440000000000
-0.00526170000000000
0.00764280000000000
0.0388220000000000
0.0464310000000000
0.0138040000000000
-0.0210040000000000
-0.0209570000000000
0.00170050000000000
0.0130550000000000
0.00713320000000000
0.00205850000000000
0.00525380000000000
0.00462690000000000
-0.00618930000000000
-0.0126790000000000
-0.000460140000000000
0.0196190000000000
0.0245560000000000
0.0140990000000000
0.00750230000000000
0.00953520000000000
0.00727740000000000
0.00142020000000000
0.00576650000000000
0.0157190000000000
0.0142730000000000
0.00754860000000000
0.0175000000000000
0.0391130000000000
0.0444870000000000
0.0252450000000000
0.000638920000000000
-0.0171860000000000
-0.0317880000000000
-0.0410210000000000
-0.0320010000000000
-0.00250470000000000
0.0316800000000000
0.0515720000000000
0.0516150000000000
0.0425220000000000
0.0368320000000000
0.0321050000000000
0.0197930000000000
0.00927820000000000
0.0182070000000000
0.0379070000000000
0.0376680000000000
0.0107940000000000
-0.0138790000000000
-0.0126310000000000
0.00589900000000000
0.0185810000000000
0.0117950000000000
-0.0114590000000000
-0.0330250000000000
-0.0357470000000000
-0.0238810000000000
-0.0151530000000000
-0.0147910000000000
-0.0167520000000000
-0.0213570000000000
-0.0255010000000000
-0.0146520000000000
0.00876900000000000
0.0126670000000000
-0.0121930000000000
-0.0275830000000000
-0.00768890000000000
0.0179220000000000
0.0214280000000000
0.0220590000000000
0.0397630000000000
0.0545950000000000
0.0488310000000000
0.0400580000000000
0.0429070000000000
0.0412280000000000
0.0186270000000000
-0.0175200000000000
-0.0512970000000000
-0.0704750000000000
-0.0715540000000000
-0.0705310000000000
-0.0856800000000000
-0.0989350000000000
-0.0749100000000000
-0.0209310000000000
0.0222350000000000
0.0432220000000000
0.0542770000000000
0.0420110000000000
-0.00814730000000000
-0.0612340000000000
-0.0763160000000000
-0.0709690000000000
-0.0753520000000000
-0.0649350000000000
-0.0109380000000000
0.0496420000000000
0.0663780000000000
0.0482480000000000
0.0247960000000000
-0.00532360000000000
-0.0349380000000000
-0.0268090000000000
0.0173970000000000
0.0359420000000000
-0.00195960000000000
-0.0468160000000000
-0.0492900000000000
-0.0279270000000000
-0.0199520000000000
-0.0210900000000000
-0.0130470000000000
-0.00521260000000000
-0.0111240000000000
-0.0158620000000000
0.00202990000000000
0.0326840000000000
0.0430330000000000
0.0225620000000000
0.000707420000000000
0.00657080000000000
0.0247010000000000
0.0197140000000000
-0.00586360000000000
-0.0170050000000000
-0.00894510000000000
-0.0163200000000000
-0.0497910000000000
-0.0724090000000000
-0.0585960000000000
-0.0334630000000000
-0.0288100000000000
-0.0342390000000000
-0.0228980000000000
0.000503650000000000
0.00774900000000000
-0.00275730000000000
0.00175560000000000
0.0396970000000000
0.0788920000000000
0.0750530000000000
0.0293710000000000
-0.0199560000000000
-0.0554240000000000
-0.0859670000000000
-0.101260000000000
-0.0748620000000000
-0.0193680000000000
0.0162670000000000
0.0188280000000000
0.0273030000000000
0.0639080000000000
0.0972140000000000
0.0938780000000000
0.0640330000000000
0.0343600000000000
0.00874290000000000
-0.0230450000000000
-0.0602340000000000
-0.0859200000000000
-0.0836180000000000
-0.0533340000000000
-0.0148180000000000
0.0152480000000000
0.0420820000000000
0.0741100000000000
0.0924470000000000
0.0702220000000000
0.0205360000000000
-0.0121640000000000
-0.0118490000000000
-0.00738130000000000
-0.0214500000000000
-0.0373530000000000
-0.0303630000000000
-0.00304190000000000
0.0270720000000000
0.0542490000000000
0.0776940000000000
0.0835440000000000
0.0561100000000000
0.00960320000000000
-0.0165980000000000
-0.00599220000000000
0.00753070000000000
-0.0134700000000000
-0.0525060000000000
-0.0613150000000000
-0.0336640000000000
-0.0103640000000000
-0.0113030000000000
-0.0118210000000000
-0.000321550000000000
-0.00120640000000000
-0.0212390000000000
-0.0264350000000000
-0.00343170000000000
0.0114720000000000
-0.00623150000000000
-0.0252400000000000
-0.0116890000000000
0.0170610000000000
0.0269350000000000
0.0224290000000000
0.0276660000000000
0.0367340000000000
0.0233530000000000
-0.0115580000000000
-0.0354880000000000
-0.0284340000000000
-0.00715820000000000
0.000899080000000000
-0.00640750000000000
-0.0123670000000000
-0.0155730000000000
-0.0328110000000000
-0.0619070000000000
-0.0700790000000000
-0.0375170000000000
0.0112720000000000
0.0430140000000000
0.0574410000000000
0.0687390000000000
0.0712990000000000
0.0548280000000000
0.0294380000000000
0.00531160000000000
-0.0269060000000000
-0.0655830000000000
-0.0755190000000000
-0.0343420000000000
0.0257720000000000
0.0591070000000000
0.0651300000000000
0.0688940000000000
0.0727820000000000
0.0654690000000000
0.0526240000000000
0.0412760000000000
0.0210000000000000
-0.00994300000000000
-0.0271900000000000
-0.0192060000000000
-0.0117970000000000
-0.0246330000000000
-0.0356920000000000
-0.0210850000000000
0.00461190000000000
0.0186650000000000
0.0252790000000000
0.0318290000000000
0.0250850000000000
-0.00113550000000000
-0.0278650000000000
-0.0405690000000000
-0.0490440000000000
-0.0593850000000000
-0.0591040000000000
-0.0382520000000000
-0.00247160000000000
0.0405320000000000
0.0793900000000000
0.0937840000000000
0.0752180000000000
0.0454050000000000
0.0302910000000000
0.0299020000000000
0.0296680000000000
0.0229720000000000
0.00833890000000000
-0.0161320000000000
-0.0435480000000000
-0.0623350000000000
-0.0706570000000000
-0.0686790000000000
-0.0476780000000000
-0.00998010000000000
0.0192440000000000
0.0246420000000000
0.0207180000000000
0.0206010000000000
0.0141540000000000
-0.00714040000000000
-0.0331510000000000
-0.0547010000000000
-0.0675200000000000
-0.0583020000000000
-0.0229630000000000
0.00866070000000000
0.0105100000000000
0.00632260000000000
0.0294920000000000
0.0628020000000000
0.0685500000000000
0.0499890000000000
0.0288550000000000
-0.000687250000000000
-0.0414080000000000
-0.0577310000000000
-0.0296400000000000
0.00152130000000000
-0.00479520000000000
-0.0251040000000000
-0.0203430000000000
0.00235380000000000
0.0194730000000000
0.0344450000000000
0.0489940000000000
0.0408990000000000
0.00734590000000000
-0.0182460000000000
-0.0211130000000000
-0.0272910000000000
-0.0484080000000000
-0.0586690000000000
-0.0415020000000000
-0.0138420000000000
0.00841970000000000
0.0273470000000000
0.0403440000000000
0.0362620000000000
0.0179890000000000
0.00218840000000000
-0.00375640000000000
-0.00488300000000000
-0.00775930000000000
-0.0149560000000000
-0.0226140000000000
-0.0210540000000000
-0.00901570000000000
0.00302190000000000
0.0103060000000000
0.0189190000000000
0.0256640000000000
0.0192220000000000
0.00547470000000000
0.000364280000000000
-0.00367110000000000
-0.0263400000000000
-0.0573690000000000
-0.0670830000000000
-0.0517520000000000
-0.0293980000000000
-0.00109970000000000
0.0396980000000000
0.0749240000000000
0.0797680000000000
0.0604760000000000
0.0378460000000000
0.0154090000000000
-0.00934610000000000
-0.0241720000000000
-0.0196000000000000
-0.00598500000000000
0.00303220000000000
0.00564210000000000
0.00291050000000000
-0.00524620000000000
-0.0102940000000000
-0.00476400000000000
0.00185710000000000
-0.00139010000000000
-0.00316880000000000
0.0131710000000000
0.0396670000000000
0.0541430000000000
0.0490930000000000
0.0313440000000000
0.00612540000000000
-0.0201140000000000
-0.0339850000000000
-0.0289830000000000
-0.0153940000000000
-0.00673820000000000
-0.00527360000000000
-0.00625800000000000
-0.00284740000000000
0.0104660000000000
0.0291290000000000
0.0360080000000000
0.0243550000000000
0.0103560000000000
0.00991020000000000
0.0156410000000000
0.0149680000000000
0.0117050000000000
0.0122010000000000
0.0100090000000000
0.000686520000000000
-0.00554550000000000
-0.00207290000000000
0.00146390000000000
-0.00377790000000000
-0.0109440000000000
-0.00923100000000000
0.00267360000000000
0.0187820000000000
0.0297640000000000
0.0275280000000000
0.0150050000000000
0.00530230000000000
0.00515040000000000
0.00686020000000000
0.00155360000000000
-0.0118430000000000
-0.0295880000000000
-0.0439670000000000
-0.0415850000000000
-0.0187970000000000
0.00663180000000000
0.0147190000000000
0.00832640000000000
0.00387000000000000
0.00590460000000000
0.00584150000000000
-0.00294510000000000
-0.0181940000000000
-0.0327940000000000
-0.0381020000000000
-0.0335790000000000
-0.0305910000000000
-0.0408420000000000
-0.0558590000000000
-0.0543930000000000
-0.0273740000000000
0.00913090000000000
0.0313210000000000
0.0287460000000000
0.0123920000000000
0.00213080000000000
0.00586610000000000
0.0119240000000000
0.00644070000000000
-0.00987380000000000
-0.0277820000000000
-0.0437810000000000
-0.0573060000000000
-0.0619660000000000
-0.0509750000000000
-0.0297000000000000
-0.0116310000000000
-0.00261930000000000
0.00389590000000000
0.0158240000000000
0.0314300000000000
0.0401590000000000
0.0340910000000000
0.0172000000000000
0.000133210000000000
-0.0118660000000000
-0.0207270000000000
-0.0275070000000000
-0.0302040000000000
-0.0302520000000000
-0.0336560000000000
-0.0409270000000000
-0.0418140000000000
-0.0281970000000000
-0.00711800000000000
0.00438250000000000
-0.000700650000000000
-0.0114560000000000
-0.0104960000000000
0.00626210000000000
0.0266500000000000
0.0352160000000000
0.0314740000000000
0.0313910000000000
0.0472250000000000
0.0662670000000000
0.0656390000000000
0.0467290000000000
0.0355600000000000
0.0406570000000000
0.0377970000000000
0.0126890000000000
-0.00971320000000000
-0.00365650000000000
0.0167240000000000
0.0240980000000000
0.0182670000000000
0.0131840000000000
0.00637290000000000
-0.00755080000000000
-0.0155670000000000
-0.00479870000000000
0.0125130000000000
0.0182440000000000
0.0154630000000000
0.0166160000000000
0.0213630000000000
0.0228170000000000
0.0222680000000000
0.0217920000000000
0.0165360000000000
0.00490300000000000
-0.00375790000000000
0.000368160000000000
0.0153580000000000
0.0302880000000000
0.0326070000000000
0.0177210000000000
-0.00479350000000000
-0.0165320000000000
-0.0112130000000000
-0.00173500000000000
-0.00204270000000000
-0.0104760000000000
-0.0198770000000000
-0.0292560000000000
-0.0378080000000000
-0.0408380000000000
-0.0395860000000000
-0.0405780000000000
-0.0394770000000000
-0.0252820000000000
-0.00227130000000000
0.0114240000000000
0.0131340000000000
0.0152280000000000
0.0174420000000000
0.00424010000000000
-0.0241590000000000
-0.0484360000000000
-0.0565750000000000
-0.0534890000000000
-0.0450310000000000
-0.0342420000000000
-0.0262680000000000
-0.0207310000000000
-0.0101850000000000
0.00215960000000000
0.00256490000000000
-0.00748940000000000
-0.00968080000000000
-0.00119500000000000
0.00290550000000000
-0.000238880000000000
0.00226050000000000
0.00814080000000000
0.00357770000000000
-0.00574030000000000
-0.000995720000000000
0.0128200000000000
0.0142480000000000
0.00482590000000000
0.00539180000000000
0.0166190000000000
0.0191210000000000
0.00952560000000000
0.00527070000000000
0.0119260000000000
0.0157960000000000
0.00883390000000000
3.53070000000000e-05
-0.00298330000000000
-0.00298150000000000
-0.00285900000000000
0.000723980000000000
0.00689030000000000
0.00753070000000000
0.000237440000000000
-0.00467200000000000
-0.000529520000000000
0.00282600000000000
-0.00520420000000000
-0.0152550000000000
-0.0109810000000000
0.00390320000000000
0.0115710000000000
0.00975250000000000
0.0135390000000000
0.0257780000000000
0.0307330000000000
0.0189660000000000
0.000240160000000000
-0.0149600000000000
-0.0236400000000000
-0.0220840000000000
-0.00768590000000000
0.00695660000000000
0.00565180000000000
-0.00605450000000000
-0.00608230000000000
0.00927530000000000
0.0199780000000000
0.0144490000000000
0.00520010000000000
0.00384100000000000
0.00483160000000000
0.00280470000000000
0.00546760000000000
0.0157940000000000
0.0197460000000000
0.00639980000000000
-0.0139180000000000
-0.0269620000000000
-0.0339910000000000
-0.0395970000000000
-0.0371360000000000
-0.0249560000000000
-0.0196980000000000
-0.0291860000000000
-0.0298590000000000
0.000431460000000000
0.0382700000000000
0.0411570000000000
0.00867790000000000
-0.0182380000000000
-0.0174340000000000
-0.00657620000000000
-0.00388880000000000
-0.00526730000000000
-0.00440520000000000
-0.00576060000000000
-0.00944470000000000
-0.00727150000000000
0.00178290000000000
0.00750660000000000
0.00305900000000000
-0.00714020000000000
-0.0112860000000000
0.000498480000000000
0.0222870000000000
0.0324250000000000
0.0223080000000000
0.0121070000000000
0.0188820000000000
0.0282600000000000
0.0214180000000000
0.00815000000000000
0.00400130000000000
0.000244990000000000
-0.0138290000000000
-0.0235080000000000
-0.0145650000000000
0.000180910000000000
0.00546260000000000
0.00854810000000000
0.0179760000000000
0.0236370000000000
0.0160630000000000
0.00286080000000000
-0.00577730000000000
-0.00879460000000000
-0.00910340000000000
-0.00973620000000000
-0.0144450000000000
-0.0178550000000000
-0.00902850000000000
0.00928720000000000
0.0199190000000000
0.0198820000000000
0.0220200000000000
0.0264090000000000
0.0195040000000000
0.00421510000000000
-0.00229720000000000
-0.000416590000000000
-0.00608260000000000
-0.0188760000000000
-0.0222360000000000
-0.0144750000000000
-0.00893550000000000
-0.00510170000000000
0.00808020000000000
0.0251320000000000
0.0288810000000000
0.0204270000000000
0.0141380000000000
0.0120290000000000
0.00443810000000000
-0.00553150000000000
-0.00573020000000000
0.00115150000000000
-0.00195520000000000
-0.0173210000000000
-0.0259510000000000
-0.0145780000000000
0.00490660000000000
0.0117450000000000
0.00244400000000000
-0.00990900000000000
-0.0140320000000000
-0.00905160000000000
0.00144600000000000
0.00998250000000000
0.00885210000000000
0.00136040000000000
0.00199390000000000
0.0139720000000000
0.0172820000000000
-0.00289290000000000
-0.0299680000000000
-0.0362760000000000
-0.0227300000000000
-0.0110240000000000
-0.0112980000000000
-0.0155170000000000
-0.0167030000000000
-0.0100200000000000
0.00999140000000000
0.0380240000000000
0.0506540000000000
0.0324250000000000
-0.00140380000000000
-0.0193750000000000
-0.00831450000000000
0.0172310000000000
0.0324000000000000
0.0267130000000000
0.0104470000000000
-0.000383770000000000
-0.00312400000000000
-0.00120230000000000
0.00772980000000000
0.0219050000000000
0.0216520000000000
-0.00468110000000000
-0.0338200000000000
-0.0348980000000000
-0.0159960000000000
-0.00750030000000000
-0.0118800000000000
-0.00829220000000000
0.00282820000000000
0.00442150000000000
0.00337280000000000
0.0221150000000000
0.0508750000000000
0.0516660000000000
0.0145690000000000
-0.0249200000000000
-0.0345080000000000
-0.0198240000000000
-0.00122490000000000
0.0178280000000000
0.0409930000000000
0.0569710000000000
0.0476580000000000
0.0149410000000000
-0.0156160000000000
-0.0225580000000000
-0.00962630000000000
0.00360220000000000
0.00614310000000000
0.00285090000000000
0.00236640000000000
0.00441560000000000
0.00425900000000000
0.00418040000000000
0.00991000000000000
0.0151320000000000
0.00590380000000000
-0.0165460000000000
-0.0304450000000000
-0.0223730000000000
-0.00555620000000000
0.000268500000000000
-0.00465860000000000
-0.0105040000000000
-0.0169500000000000
-0.0238350000000000
-0.0210220000000000
-0.00339910000000000
0.0162240000000000
0.0242920000000000
0.0212940000000000
0.0137720000000000
0.00339020000000000
-0.00557900000000000
-0.00410500000000000
0.00810120000000000
0.0169610000000000
0.0120150000000000
-0.00286950000000000
-0.0187590000000000
-0.0320750000000000
-0.0407000000000000
-0.0408750000000000
-0.0311260000000000
-0.0146970000000000
0.00151920000000000
0.0104390000000000
0.00900610000000000
0.00259150000000000
0.000723040000000000
0.00705150000000000
0.0140760000000000
0.0108460000000000
-0.00430530000000000
-0.0214580000000000
-0.0288890000000000
-0.0239360000000000
-0.0133440000000000
-0.00643590000000000
-0.00725210000000000
-0.0120060000000000
-0.0133160000000000
-0.00899950000000000
-0.00413150000000000
-0.00244800000000000
-0.000334930000000000
0.00472410000000000
0.00702860000000000
0.00261910000000000
0.000411900000000000
0.00905020000000000
0.0207210000000000
0.0218570000000000
0.0144120000000000
0.00839640000000000
0.00283850000000000
-0.00811520000000000
-0.0183660000000000
-0.0171580000000000
-0.00689380000000000
0.00228500000000000
0.00653010000000000
0.00598510000000000
-0.000641580000000000
-0.00869680000000000
-0.00790720000000000
0.00138720000000000
0.00646750000000000
0.00195470000000000
-0.00246060000000000
0.00148960000000000
0.0110890000000000
0.0208560000000000
0.0273850000000000
0.0257720000000000
0.0153790000000000
0.00547700000000000
0.00568230000000000
0.0127190000000000
0.0149710000000000
0.00521570000000000
-0.0142360000000000
-0.0336240000000000
-0.0418240000000000
-0.0357060000000000
-0.0241340000000000
-0.0166590000000000
-0.0127040000000000
-0.00683090000000000
0.000847780000000000
0.00774270000000000
0.0141960000000000
0.0190970000000000
0.0175250000000000
0.00857090000000000
-0.000309770000000000
-0.00207740000000000
0.00187220000000000
0.00501790000000000
0.00493180000000000
0.00321310000000000
-0.00157810000000000
-0.0141280000000000
-0.0321300000000000
-0.0422390000000000
-0.0338960000000000
-0.0143000000000000
0.000379280000000000
0.00741840000000000
0.0165380000000000
0.0274930000000000
0.0273420000000000
0.0145580000000000
0.00437490000000000
0.00452400000000000
0.00464390000000000
-0.00277460000000000
-0.00975900000000000
-0.00948820000000000
-0.00666190000000000
-0.00593500000000000
-0.00425780000000000
-0.00246940000000000
-0.00608550000000000
-0.0127090000000000
-0.0125440000000000
-0.00499710000000000
0.00193460000000000
0.00695980000000000
0.0144510000000000
0.0205470000000000
0.0171780000000000
0.00761040000000000
0.00272850000000000
0.00385730000000000
0.00346410000000000
0.000133290000000000
0.000336040000000000
0.00491980000000000
0.00726270000000000
0.00463560000000000
0.00271230000000000
0.00510480000000000
0.00657300000000000
0.00159890000000000
-0.00412910000000000
-0.000419230000000000
0.00971920000000000
0.0132370000000000
0.00911780000000000
0.0101140000000000
0.0170030000000000
0.0141580000000000
-0.00286040000000000
-0.0160990000000000
-0.0135920000000000
-0.00495210000000000
0.00118640000000000
0.00990630000000000
0.0196470000000000
0.0169240000000000
0.00374900000000000
-0.000919600000000000
0.00513000000000000
0.00182850000000000
-0.0166870000000000
-0.0320750000000000
-0.0343760000000000
-0.0332820000000000
-0.0327310000000000
-0.0236160000000000
-0.00692350000000000
0.00396970000000000
0.00668140000000000
0.0123380000000000
0.0217600000000000
0.0221880000000000
0.00918940000000000
-0.00629350000000000
-0.0156480000000000
-0.0202340000000000
-0.0219450000000000
-0.0193580000000000
-0.0135320000000000
-0.00796370000000000
-0.00309140000000000
0.00351680000000000
0.0118410000000000
0.0177430000000000
0.0161210000000000
0.00561360000000000
-0.00922250000000000
-0.0179720000000000
-0.0140290000000000
-0.00456090000000000
-0.00419910000000000
-0.0146930000000000
-0.0216950000000000
-0.0143920000000000
0.000477810000000000
0.0102350000000000
0.0122530000000000
0.0110040000000000
0.00832560000000000
0.00464880000000000
0.00275790000000000
0.00357240000000000
0.00522180000000000
0.00631210000000000
0.00548600000000000
-5.79430000000000e-05
-0.00936760000000000
-0.0151130000000000
-0.0131490000000000
-0.00747450000000000
-0.00175890000000000
0.00533960000000000
0.0109810000000000
0.00909890000000000
0.00336690000000000
0.00354310000000000
0.00760970000000000
0.00406380000000000
-0.00657120000000000
-0.0113260000000000
-0.00567280000000000
0.00177690000000000
0.00532830000000000
0.00628630000000000
0.00459780000000000
0.000424060000000000
-0.000383940000000000
0.00485340000000000
0.00918900000000000
0.00775420000000000
0.00690180000000000
0.0103130000000000
0.0109870000000000
0.00484160000000000
0.000573600000000000
0.00403640000000000
0.00767640000000000
0.00365420000000000
-0.00175870000000000
0.00108970000000000
0.00711570000000000
0.00338190000000000
-0.0100530000000000
-0.0175550000000000
-0.0104070000000000
0.00102800000000000
0.00273350000000000
-0.00145330000000000
0.00165360000000000
0.0102260000000000
0.00921590000000000
-0.00238510000000000
-0.00755260000000000
0.00105030000000000
0.00819060000000000
0.00156330000000000
-0.00977170000000000
-0.0140180000000000
-0.0161990000000000
-0.0215340000000000
-0.0186400000000000
4.38880000000000e-05
0.0159920000000000
0.00634270000000000
-0.0194500000000000
-0.0285900000000000
-0.00891840000000000
0.0172020000000000
0.0267720000000000
0.0233380000000000
0.0220620000000000
0.0252610000000000
0.0254390000000000
0.0214900000000000
0.0170650000000000
0.00969100000000000
-0.00484690000000000
-0.0186540000000000
-0.0186770000000000
-0.00604930000000000
0.00458930000000000
0.00614250000000000
0.00341040000000000
-1.31080000000000e-05
-0.00374160000000000
-0.00413620000000000
0.000495090000000000
0.00249730000000000
-0.00126570000000000
0.000247160000000000
0.0144590000000000
0.0271510000000000
0.0233150000000000
0.0107850000000000
0.00244890000000000
-0.00739290000000000
-0.0256580000000000
-0.0373210000000000
-0.0262890000000000
-0.00320710000000000
0.0104370000000000
0.0136230000000000
0.0204500000000000
0.0328230000000000
0.0394750000000000
0.0339780000000000
0.0216890000000000
0.0102760000000000
0.00308510000000000
-0.00245840000000000
-0.00984130000000000
-0.0164370000000000
-0.0160860000000000
-0.0116120000000000
-0.0146110000000000
-0.0251990000000000
-0.0276390000000000
-0.0127210000000000
0.00693930000000000
0.0162710000000000
0.0160890000000000
0.0157570000000000
0.0171470000000000
0.0168080000000000
0.0133810000000000
0.00728620000000000
-0.000869680000000000
-0.00785820000000000
-0.0103450000000000
-0.00847530000000000
-0.00434280000000000
0.00151530000000000
0.00662870000000000
0.00761590000000000
0.00553920000000000
0.00608690000000000
0.0102560000000000
0.0124000000000000
0.00812840000000000
-0.00105800000000000
-0.0103360000000000
-0.0143990000000000
-0.0102160000000000
-0.00193570000000000
0.00263960000000000
0.00188960000000000
0.000448420000000000
0.00154820000000000
0.00707910000000000
0.0193490000000000
0.0330900000000000
0.0341250000000000
0.0159150000000000
-0.0101730000000000
-0.0301820000000000
-0.0440760000000000
-0.0555730000000000
-0.0579030000000000
-0.0429620000000000
-0.0192460000000000
-0.00427000000000000
-0.00216170000000000
0.00127300000000000
0.0173840000000000
0.0367240000000000
0.0397060000000000
0.0212750000000000
-0.00527480000000000
-0.0281940000000000
-0.0440030000000000
-0.0454470000000000
-0.0272330000000000
-0.00452520000000000
0.000622350000000000
-0.00632800000000000
-0.00391830000000000
0.00544950000000000
0.00125010000000000
-0.0111540000000000
-0.00507510000000000
0.0183370000000000
0.0282390000000000
0.0149320000000000
0.00262420000000000
0.00652830000000000
0.0157760000000000
0.0179340000000000
0.0101360000000000
-0.00976050000000000
-0.0346110000000000
-0.0425350000000000
-0.0235240000000000
0.00119400000000000
0.00835730000000000
0.00312790000000000
0.00203400000000000
0.00468620000000000
0.00416600000000000
0.00359950000000000
0.00448070000000000
-0.00225970000000000
-0.0160510000000000
-0.0207920000000000
-0.00990990000000000
0.00156550000000000
0.00212880000000000
-0.00248910000000000
-0.00520400000000000
-0.00742400000000000
-0.00726650000000000
0.000307630000000000
0.00969420000000000
0.0106670000000000
0.00631230000000000
0.00681240000000000
0.00981860000000000
0.00629700000000000
-0.000981860000000000
-0.00408660000000000
-0.00477370000000000
-0.00686010000000000
-0.00391720000000000
0.00816290000000000
0.0185320000000000
0.0144580000000000
-0.000861990000000000
-0.0142710000000000
-0.0179050000000000
-0.0116800000000000
0.00144500000000000
0.0159720000000000
0.0255190000000000
0.0264740000000000
0.0198000000000000
0.0100880000000000
0.00352780000000000
0.00124960000000000
-0.00273820000000000
-0.0130290000000000
-0.0248540000000000
-0.0303850000000000
-0.0269630000000000
-0.0147730000000000
0.00518000000000000
0.0250570000000000
0.0327240000000000
0.0255170000000000
0.0137810000000000
0.00709270000000000
0.00544020000000000
0.00483910000000000
0.00415690000000000
0.00435610000000000
0.00523450000000000
0.00408700000000000
-0.00315720000000000
-0.0140130000000000
-0.0169070000000000
-0.00543730000000000
0.00803490000000000
0.00777090000000000
-0.00258710000000000
-0.00941790000000000
-0.0118290000000000
-0.0169700000000000
-0.0190410000000000
-0.00945380000000000
0.00164960000000000
-0.00380820000000000
-0.0197060000000000
-0.0235880000000000
-0.0105810000000000
0.00252490000000000
0.00725180000000000
0.0114280000000000
0.0193190000000000
0.0235200000000000
0.0196800000000000
0.0129250000000000
0.00700310000000000
0.00102940000000000
-0.00493120000000000
-0.00916180000000000
-0.0128410000000000
-0.0136510000000000
-0.00506210000000000
0.0126270000000000
0.0267940000000000
0.0285160000000000
0.0227260000000000
0.0163760000000000
0.00821390000000000
-0.000411040000000000
0.000172960000000000
0.0107270000000000
0.0154330000000000
0.00367360000000000
-0.0146890000000000
-0.0271540000000000
-0.0351860000000000
-0.0398570000000000
-0.0292310000000000
0.00309980000000000
0.0397380000000000
0.0579970000000000
0.0547660000000000
0.0413640000000000
0.0239000000000000