-0.000181420000000000
-0.000533690000000000
-0.000731640000000000
-0.00128630000000000
-0.00210040000000000
-0.00346610000000000
-0.00743060000000000
-0.0128240000000000
-0.00995240000000000
0.00748970000000000
0.0275270000000000
0.0314890000000000
0.0182260000000000
0.00616830000000000
0.00740980000000000
0.0152640000000000
0.0182260000000000
0.0169820000000000
0.0186080000000000
0.0237590000000000
0.0245720000000000
0.0135100000000000
-0.00452920000000000
-0.0124510000000000
-0.00278720000000000
0.00753920000000000
0.00118920000000000
-0.0106480000000000
-0.00810640000000000
-7.01750000000000e-05
-0.0105670000000000
-0.0339450000000000
-0.0402040000000000
-0.0240970000000000
-0.00946560000000000
-0.00799630000000000
-0.00798770000000000
-0.00649170000000000
-0.0129920000000000
-0.0242040000000000
-0.0245680000000000
-0.0170020000000000
-0.0185150000000000
-0.0287020000000000
-0.0296670000000000
-0.0191830000000000
-0.0125520000000000
-0.0152010000000000
-0.0187770000000000
-0.0219840000000000
-0.0293330000000000
-0.0346160000000000
-0.0275110000000000
-0.0153020000000000
-0.0135140000000000
-0.0197130000000000
-0.0166480000000000
-0.000790770000000000
0.0132770000000000
0.0167650000000000
0.0152940000000000
0.0150280000000000
0.0127550000000000
0.00414270000000000
-0.00926200000000000
-0.0220720000000000
-0.0291810000000000
-0.0277060000000000
-0.0181100000000000
-0.00449680000000000
0.00947600000000000
0.0221400000000000
0.0314030000000000
0.0344430000000000
0.0320510000000000
0.0270340000000000
0.0198000000000000
0.00905290000000000
-0.00516160000000000
-0.0208600000000000
-0.0343900000000000
-0.0408640000000000
-0.0392000000000000
-0.0330060000000000
-0.0251870000000000
-0.0130840000000000
0.00430220000000000
0.0214690000000000
0.0322280000000000
0.0368770000000000
0.0362150000000000
0.0280240000000000
0.0140000000000000
0.00362930000000000
0.00332560000000000
0.00762540000000000
0.00772230000000000
0.00107310000000000
-0.00804770000000000
-0.0141950000000000
-0.0123170000000000
-0.00384930000000000
0.00402620000000000
0.00744080000000000
0.0121840000000000
0.0219410000000000
0.0304990000000000
0.0299450000000000
0.0228040000000000
0.0187700000000000
0.0208880000000000
0.0213360000000000
0.0129640000000000
0.00272990000000000
0.00437700000000000
0.0203000000000000
0.0340280000000000
0.0296820000000000
0.0117700000000000
-0.00251130000000000
-0.00644780000000000
-0.00490740000000000
0.000589560000000000
0.0110040000000000
0.0197050000000000
0.0186860000000000
0.0119520000000000
0.00922460000000000
0.0111160000000000
0.0115920000000000
0.0114530000000000
0.0151640000000000
0.0191100000000000
0.0171630000000000
0.0129660000000000
0.0138870000000000
0.0148720000000000
0.00663200000000000
-0.00771600000000000
-0.0128630000000000
-0.00576790000000000
0.000678770000000000
-0.00354550000000000
-0.00952010000000000
-0.00505580000000000
0.00951540000000000
0.0224090000000000
0.0256360000000000
0.0197840000000000
0.0130710000000000
0.0124060000000000
0.0163140000000000
0.0147120000000000
0.00395800000000000
-0.00586260000000000
-0.00423950000000000
0.00318770000000000
0.00434270000000000
0.000187350000000000
0.00119100000000000
0.00672590000000000
0.00562710000000000
-0.00409270000000000
-0.00918630000000000
0.000192050000000000
0.0178240000000000
0.0299420000000000
0.0303110000000000
0.0222370000000000
0.0126320000000000
0.00640580000000000
0.00542820000000000
0.00880940000000000
0.0138350000000000
0.0160070000000000
0.0113600000000000
0.00181100000000000
-0.00497300000000000
-0.00538260000000000
-0.00677870000000000
-0.0175700000000000
-0.0322270000000000
-0.0360090000000000
-0.0240140000000000
-0.00770110000000000
0.00118580000000000
0.00302680000000000
0.00478490000000000
0.00808920000000000
0.00686600000000000
-0.00560640000000000
-0.0253670000000000
-0.0367040000000000
-0.0271270000000000
-0.00504190000000000
0.00839130000000000
0.00315440000000000
-0.00982150000000000
-0.0172190000000000
-0.0183450000000000
-0.0183080000000000
-0.0173230000000000
-0.0150840000000000
-0.0150920000000000
-0.0174690000000000
-0.0166110000000000
-0.00955820000000000
-0.000713200000000000
0.00518640000000000
0.00745710000000000
0.00776780000000000
0.00712610000000000
0.00651020000000000
0.00553900000000000
0.00211650000000000
-0.00547580000000000
-0.0169120000000000
-0.0305120000000000
-0.0426140000000000
-0.0461840000000000
-0.0378110000000000
-0.0224370000000000
-0.00827200000000000
0.00353190000000000
0.0127950000000000
0.0150280000000000
0.0102440000000000
0.0116510000000000
0.0270150000000000
0.0389940000000000
0.0217340000000000
-0.0244110000000000
-0.0689110000000000
-0.0864270000000000
-0.0828800000000000
-0.0811170000000000
-0.0896300000000000
-0.0962120000000000
-0.0884620000000000
-0.0640940000000000
-0.0243420000000000
0.0289830000000000
0.0858280000000000
0.140620000000000
0.212900000000000
0.324230000000000
0.453780000000000
0.552730000000000
0.610500000000000
0.653060000000000
0.669590000000000
0.587990000000000
0.364260000000000
0.0768550000000000
-0.0751960000000000
0.0656940000000000
0.414610000000000
0.674850000000000
0.693210000000000
0.651150000000000
0.747220000000000
0.790150000000000
0.408140000000000
-0.372060000000000
-1.06500000000000
-1.32100000000000
-1.28540000000000
-1.28540000000000
-1.44050000000000
-1.66770000000000
-1.87110000000000
-2.00180000000000
-2.03080000000000
-1.93350000000000
-1.72520000000000
-1.49110000000000
-1.34020000000000
-1.28300000000000
-1.20220000000000
-0.997550000000000
-0.687090000000000
-0.304930000000000
0.175380000000000
0.709040000000000
1.15790000000000
1.49270000000000
1.85120000000000
2.27130000000000
2.59370000000000
2.70460000000000
2.69350000000000
2.64420000000000
2.50390000000000
2.23460000000000
1.91760000000000
1.59630000000000
1.22570000000000
0.809360000000000
0.435730000000000
0.122870000000000
-0.203370000000000
-0.560160000000000
-0.867770000000000
-1.08570000000000
-1.26130000000000
-1.42070000000000
-1.53200000000000
-1.58320000000000
-1.59450000000000
-1.54280000000000
-1.37220000000000
-1.09910000000000
-0.825320000000000
-0.624300000000000
-0.468740000000000
-0.300670000000000
-0.121460000000000
0.0190580000000000
0.0930380000000000
0.120940000000000
0.146430000000000
0.202210000000000
0.290330000000000
0.377550000000000
0.422080000000000
0.410420000000000
0.368150000000000
0.328360000000000
0.304900000000000
0.291860000000000
0.277540000000000
0.250100000000000
0.203640000000000
0.143080000000000
0.0825470000000000
0.0341580000000000
0.00171710000000000
-0.0181030000000000
-0.0317490000000000
-0.0426010000000000
-0.0452730000000000
-0.0331830000000000
-0.0138060000000000
-0.00439710000000000
-0.0123760000000000
-0.0259580000000000
-0.0312100000000000
-0.0236510000000000
-0.00603010000000000
0.0163790000000000
0.0313270000000000
0.0271520000000000
0.00686640000000000
-0.0149290000000000
-0.0314880000000000
-0.0477460000000000
-0.0646100000000000
-0.0750470000000000
-0.0781850000000000
-0.0832670000000000
-0.0967840000000000
-0.115210000000000
-0.128590000000000
-0.126160000000000
-0.101060000000000
-0.0597020000000000
-0.0198590000000000
0.00357170000000000
0.00973970000000000
0.00746840000000000
0.00783570000000000
0.0217070000000000
0.0518010000000000
0.0861600000000000
0.107340000000000
0.112660000000000
0.113820000000000
0.119490000000000
0.124830000000000
0.120950000000000
0.105930000000000
0.0883320000000000
0.0779820000000000
0.0746070000000000
0.0648470000000000
0.0378510000000000
-0.000248920000000000
-0.0320970000000000
-0.0483290000000000
-0.0547560000000000
-0.0613360000000000
-0.0682010000000000
-0.0661170000000000
-0.0499910000000000
-0.0291010000000000
-0.0169340000000000
-0.0126580000000000
-0.000707350000000000
0.0271870000000000
0.0618760000000000
0.0910540000000000
0.112480000000000
0.125130000000000
0.123160000000000
0.105820000000000
0.0858690000000000
0.0763760000000000
0.0769920000000000
0.0755560000000000
0.0620640000000000
0.0341760000000000
-0.00316210000000000
-0.0404630000000000
-0.0661650000000000
-0.0750160000000000
-0.0716510000000000
-0.0663490000000000
-0.0636910000000000
-0.0576480000000000
-0.0403060000000000
-0.0143980000000000
0.00938090000000000
0.0257610000000000
0.0383390000000000
0.0517980000000000
0.0667030000000000
0.0822380000000000
0.0944860000000000
0.0905470000000000
0.0554270000000000
-0.00555760000000000
-0.0624180000000000
-0.0873080000000000
-0.0818500000000000
-0.0708480000000000
-0.0740070000000000
-0.0899090000000000
-0.104790000000000
-0.108440000000000
-0.100670000000000
-0.0884220000000000
-0.0782990000000000
-0.0700710000000000
-0.0588940000000000
-0.0411910000000000
-0.0167770000000000
0.0138080000000000
0.0486450000000000
0.0834350000000000
0.112140000000000
0.131190000000000
0.138160000000000
0.131090000000000
0.110600000000000
0.0810830000000000
0.0433480000000000
-0.00725850000000000
-0.0696200000000000
-0.129860000000000
-0.170440000000000
-0.186750000000000
-0.186160000000000
-0.176150000000000
-0.156970000000000
-0.128470000000000
-0.0936010000000000
-0.0565120000000000
-0.0219420000000000
0.00537730000000000
0.0249330000000000
0.0428990000000000
0.0642710000000000
0.0869620000000000
0.105080000000000
0.114440000000000
0.112000000000000
0.0980520000000000
0.0831770000000000
0.0800300000000000
0.0869070000000000
0.0895750000000000
0.0866640000000000
0.0925650000000000
0.112880000000000
0.132870000000000
0.140420000000000
0.140200000000000
0.140900000000000
0.141250000000000
0.134790000000000
0.114520000000000
0.0751000000000000
0.0198250000000000
-0.0371990000000000
-0.0873180000000000
-0.133800000000000
-0.174870000000000
-0.198280000000000
-0.204190000000000
-0.211320000000000
-0.227020000000000
-0.233250000000000
-0.214800000000000
-0.182050000000000
-0.152170000000000
-0.129790000000000
-0.114210000000000
-0.107410000000000
-0.104750000000000
-0.0976240000000000
-0.0860850000000000
-0.0760770000000000
-0.0650250000000000
-0.0465210000000000
-0.0248590000000000
-0.0100170000000000
-0.00233940000000000
0.00484410000000000
0.0134020000000000
0.0264360000000000
0.0539640000000000
0.0990450000000000
0.146530000000000
0.179600000000000
0.196950000000000
0.203410000000000
0.193800000000000
0.162590000000000
0.122360000000000
0.0907560000000000
0.0659580000000000
0.0336010000000000
-0.00426250000000000
-0.0309150000000000
-0.0431970000000000
-0.0562830000000000
-0.0761000000000000
-0.0884200000000000
-0.0867310000000000
-0.0856030000000000
-0.0962920000000000
-0.105170000000000
-0.0952480000000000
-0.0710850000000000
-0.0522650000000000
-0.0499150000000000
-0.0615290000000000
-0.0780670000000000
-0.0887120000000000
-0.0865160000000000
-0.0750480000000000
-0.0625030000000000
-0.0484100000000000
-0.0262620000000000
0.00146440000000000
0.0239310000000000
0.0366840000000000
0.0457270000000000
0.0554980000000000
0.0656500000000000
0.0765510000000000
0.0911340000000000
0.107720000000000
0.122120000000000
0.133170000000000
0.143570000000000
0.154320000000000
0.167550000000000
0.187120000000000
0.209410000000000
0.220780000000000
0.212230000000000
0.190850000000000
0.163920000000000
0.127420000000000
0.0793130000000000
0.0344620000000000
0.00220370000000000
-0.0322870000000000
-0.0830710000000000
-0.131310000000000
-0.149590000000000
-0.142470000000000
-0.134510000000000
-0.128230000000000
-0.108920000000000
-0.0790410000000000
-0.0555840000000000
-0.0405960000000000
-0.0226420000000000
-0.000691840000000000
0.0183080000000000
0.0325950000000000
0.0394090000000000
0.0289690000000000
0.00384740000000000
-0.0171390000000000
-0.0264490000000000
-0.0405040000000000
-0.0713200000000000
-0.109640000000000
-0.144200000000000
-0.175170000000000
-0.197850000000000
-0.197690000000000
-0.172230000000000
-0.138500000000000
-0.108930000000000
-0.0796140000000000
-0.0460220000000000
-0.0129300000000000
0.0180890000000000
0.0512620000000000
0.0858520000000000
0.113180000000000
0.128150000000000
0.131730000000000
0.123280000000000
0.100790000000000
0.0690910000000000
0.0378930000000000
0.0127550000000000
-0.00502810000000000
-0.0119450000000000
-0.00894460000000000
-0.00515480000000000
-0.0102670000000000
-0.0221620000000000
-0.0340250000000000
-0.0420690000000000
-0.0467490000000000
-0.0492160000000000
-0.0549740000000000
-0.0713880000000000
-0.0978850000000000
-0.122310000000000
-0.134420000000000
-0.134970000000000
-0.129310000000000
-0.117050000000000
-0.0952160000000000
-0.0631760000000000
-0.0250420000000000
0.0125440000000000
0.0456580000000000
0.0795610000000000
0.123560000000000
0.174850000000000
0.216750000000000
0.236200000000000
0.240480000000000
0.242940000000000
0.243050000000000
0.229010000000000
0.200730000000000
0.170430000000000
0.143350000000000
0.110200000000000
0.0639840000000000
0.0122580000000000
-0.0326590000000000
-0.0690610000000000
-0.102720000000000
-0.132930000000000
-0.151740000000000
-0.156480000000000
-0.155750000000000
-0.159340000000000
-0.166810000000000
-0.169100000000000
-0.159700000000000
-0.139320000000000
-0.112550000000000
-0.0848160000000000
-0.0614730000000000
-0.0443210000000000
-0.0297310000000000
-0.0128570000000000
0.00494120000000000
0.0186580000000000
0.0283890000000000
0.0415160000000000
0.0618660000000000
0.0830600000000000
0.0956400000000000
0.100720000000000
0.108520000000000
0.121770000000000
0.128110000000000
0.117340000000000
0.0980210000000000
0.0849700000000000
0.0762850000000000
0.0585380000000000
0.0319020000000000
0.0138920000000000
0.0155280000000000
0.0286320000000000
0.0399930000000000
0.0470250000000000
0.0530580000000000
0.0597090000000000
0.0654730000000000
0.0673380000000000
0.0607400000000000
0.0442210000000000
0.0206120000000000
-0.00680620000000000
-0.0361140000000000
-0.0632810000000000
-0.0817990000000000
-0.0899850000000000
-0.0917350000000000
-0.0898780000000000
-0.0840500000000000
-0.0778750000000000
-0.0768900000000000
-0.0796000000000000
-0.0794160000000000
-0.0764330000000000
-0.0774940000000000
-0.0829540000000000
-0.0853320000000000
-0.0816400000000000
-0.0779710000000000
-0.0776220000000000
-0.0778970000000000
-0.0781110000000000
-0.0794800000000000
-0.0749550000000000
-0.0533790000000000
-0.0177820000000000
0.0127650000000000
0.0245460000000000
0.0235280000000000
0.0223400000000000
0.0236060000000000
0.0236970000000000
0.0240280000000000
0.0297000000000000
0.0400450000000000
0.0480770000000000
0.0467350000000000
0.0350770000000000
0.0185640000000000
0.00630560000000000
0.00467130000000000
0.0122420000000000
0.0210250000000000
0.0250780000000000
0.0246150000000000
0.0225060000000000
0.0198640000000000
0.0179380000000000
0.0187500000000000
0.0215810000000000
0.0212150000000000
0.0144850000000000
0.00564470000000000
0.000618270000000000
-0.000416200000000000
-0.00167680000000000
-0.00259780000000000
0.00118290000000000
0.00792130000000000
0.00855080000000000
0.00134320000000000
-0.00346640000000000
0.00161510000000000
0.0109430000000000
0.0186480000000000
0.0285790000000000
0.0429370000000000
0.0516370000000000
0.0491760000000000
0.0466010000000000
0.0534230000000000
0.0606220000000000
0.0591720000000000
0.0606530000000000
0.0796150000000000
0.107580000000000
0.125190000000000
0.130290000000000
0.133330000000000
0.135920000000000
0.131350000000000
0.118440000000000
0.100160000000000
0.0769150000000000
0.0497850000000000
0.0232640000000000
-0.00331020000000000
-0.0384880000000000
-0.0830750000000000
-0.123020000000000
-0.144650000000000
-0.151260000000000
-0.153260000000000
-0.154690000000000
-0.153510000000000
-0.150120000000000
-0.145370000000000
-0.138090000000000
-0.128320000000000
-0.120320000000000
-0.115750000000000
-0.110320000000000
-0.101550000000000
-0.0934880000000000
-0.0879620000000000
-0.0797430000000000
-0.0654400000000000
-0.0486920000000000
-0.0314820000000000
-0.00981700000000000
0.0187300000000000
0.0491840000000000
0.0761070000000000
0.0978600000000000
0.113690000000000
0.122120000000000
0.124800000000000
0.125660000000000
0.124910000000000
0.119020000000000
0.105330000000000
0.0832020000000000
0.0533790000000000
0.0212790000000000
-0.00376170000000000
-0.0177620000000000
-0.0261270000000000
-0.0378500000000000
-0.0552350000000000
-0.0714260000000000
-0.0783010000000000
-0.0775790000000000
-0.0776120000000000
-0.0800890000000000
-0.0773930000000000
-0.0665330000000000
-0.0560950000000000
-0.0530110000000000
-0.0504330000000000
-0.0386960000000000
-0.0191290000000000
0.00126310000000000
0.0222010000000000
0.0467600000000000
0.0721800000000000
0.0914060000000000
0.101150000000000
0.103870000000000
0.103090000000000
0.0997000000000000
0.0908140000000000
0.0742040000000000
0.0522020000000000
0.0298740000000000
0.00810210000000000
-0.0161210000000000
-0.0425810000000000
-0.0661810000000000
-0.0839420000000000
-0.0974060000000000
-0.106180000000000
-0.107560000000000
-0.101350000000000
-0.0900430000000000
-0.0729640000000000
-0.0501970000000000
-0.0280040000000000
-0.0124160000000000
0.00243610000000000
0.0247600000000000
0.0493320000000000
0.0639440000000000
0.0694880000000000
0.0782760000000000
0.0955570000000000
0.114950000000000
0.129740000000000
0.137230000000000
0.136590000000000
0.131070000000000
0.125350000000000
0.115940000000000
0.0961290000000000
0.0718010000000000
0.0541400000000000
0.0384250000000000
0.00895890000000000
-0.0323910000000000
-0.0674740000000000
-0.0875960000000000
-0.0996220000000000
-0.106770000000000
-0.106780000000000
-0.103620000000000
-0.104860000000000
-0.107080000000000
-0.101320000000000
-0.0869590000000000
-0.0722460000000000
-0.0614880000000000
-0.0534800000000000
-0.0452210000000000
-0.0347570000000000
-0.0222520000000000
-0.0108480000000000
-0.00376640000000000
-0.000147170000000000
0.00356460000000000
0.00949220000000000
0.0179420000000000
0.0276410000000000
0.0373350000000000
0.0445040000000000
0.0470810000000000
0.0449510000000000
0.0435140000000000
0.0462980000000000
0.0484820000000000
0.0440150000000000
0.0386240000000000
0.0405770000000000
0.0434770000000000
0.0349600000000000
0.0223600000000000
0.0246760000000000
0.0395520000000000
0.0435930000000000
0.0280060000000000
0.00907240000000000
-0.00125450000000000
-0.0100330000000000
-0.0262180000000000
-0.0449860000000000
-0.0582270000000000
-0.0647710000000000
-0.0683930000000000
-0.0730280000000000
-0.0807530000000000
-0.0883510000000000
-0.0886130000000000
-0.0800670000000000
-0.0675790000000000
-0.0548290000000000
-0.0400550000000000
-0.0243590000000000
-0.0131850000000000
-0.00857830000000000
-0.00362700000000000
0.00681180000000000
0.0178500000000000
0.0208590000000000
0.0165860000000000
0.0129050000000000
0.0134300000000000
0.0125690000000000
0.00630620000000000
-0.00162590000000000
-0.00546060000000000
-0.00588010000000000
-0.00622320000000000
-0.00662500000000000
-0.00587240000000000
-0.00553370000000000
-0.00687940000000000
-0.00670210000000000
-0.00187550000000000
0.00467070000000000
0.00707160000000000
0.00612230000000000
0.00833110000000000
0.0155690000000000
0.0215230000000000
0.0237030000000000
0.0294910000000000
0.0452590000000000
0.0647280000000000
0.0773830000000000
0.0818590000000000
0.0836210000000000
0.0836100000000000
0.0789640000000000
0.0704300000000000
0.0610950000000000
0.0522130000000000
0.0456560000000000
0.0449360000000000
0.0461700000000000
0.0390680000000000
0.0216260000000000
0.00647500000000000
0.00336880000000000
0.00707990000000000
0.00774400000000000
0.00533410000000000
0.00518890000000000
0.00707690000000000
0.00692650000000000
0.00512700000000000
0.00526110000000000
0.00725520000000000
0.00722500000000000
0.00285430000000000
-0.00488280000000000
-0.0130030000000000
-0.0197830000000000
-0.0261660000000000
-0.0351610000000000
-0.0473810000000000
-0.0594330000000000
-0.0668750000000000
-0.0704140000000000
-0.0735110000000000
-0.0760030000000000
-0.0738770000000000
-0.0676030000000000
-0.0609500000000000
-0.0552210000000000
-0.0480060000000000
-0.0410370000000000
-0.0395840000000000
-0.0453630000000000
-0.0538210000000000
-0.0615510000000000
-0.0673460000000000
-0.0662320000000000
-0.0527850000000000
-0.0325320000000000
-0.0197800000000000
-0.0194640000000000
-0.0202470000000000
-0.0105370000000000
0.00496710000000000
0.0143540000000000
0.0175650000000000
0.0265200000000000
0.0441150000000000
0.0582840000000000
0.0588030000000000
0.0519990000000000
0.0491360000000000
0.0517920000000000
0.0539330000000000
0.0544100000000000
0.0557870000000000
0.0574760000000000
0.0566340000000000
0.0536810000000000
0.0498800000000000
0.0442660000000000
0.0360410000000000
0.0265570000000000
0.0176580000000000
0.00967550000000000
0.00125810000000000
-0.00965880000000000
-0.0235720000000000
-0.0368380000000000
-0.0455460000000000
-0.0520950000000000
-0.0621860000000000
-0.0736400000000000
-0.0783260000000000
-0.0755430000000000
-0.0737570000000000
-0.0754500000000000
-0.0719130000000000
-0.0583620000000000
-0.0438270000000000
-0.0357160000000000
-0.0269640000000000
-0.00841650000000000
0.0148430000000000
0.0313420000000000
0.0407200000000000
0.0539410000000000
0.0763680000000000
0.0997770000000000
0.112240000000000
0.110660000000000
0.101630000000000
0.0940660000000000
0.0882750000000000
0.0763700000000000
0.0562420000000000
0.0399880000000000
0.0369600000000000
0.0381890000000000
0.0269800000000000
0.00202190000000000
-0.0231730000000000
-0.0389670000000000
-0.0480280000000000
-0.0565620000000000
-0.0666590000000000
-0.0767050000000000
-0.0841920000000000
-0.0884810000000000
-0.0909410000000000
-0.0902580000000000
-0.0819120000000000
-0.0666000000000000
-0.0542010000000000
-0.0511290000000000
-0.0509570000000000
-0.0447690000000000
-0.0343390000000000
-0.0258650000000000
-0.0189820000000000
-0.0106330000000000
-0.00298880000000000
0.000553690000000000
0.00310750000000000
0.00997600000000000
0.0201880000000000
0.0287310000000000
0.0345480000000000
0.0408190000000000
0.0479160000000000
0.0532690000000000
0.0564860000000000
0.0603910000000000
0.0645260000000000
0.0633530000000000
0.0545670000000000
0.0441590000000000
0.0410480000000000
0.0467190000000000
0.0539760000000000
0.0542480000000000
0.0464890000000000
0.0376990000000000
0.0330170000000000
0.0282690000000000
0.0167130000000000
0.00423870000000000
0.00400180000000000
0.0136420000000000
0.0126920000000000
-0.00780010000000000
-0.0304690000000000
-0.0365030000000000
-0.0307350000000000
-0.0283610000000000
-0.0320910000000000
-0.0348740000000000
-0.0357600000000000
-0.0363300000000000
-0.0326770000000000
-0.0220820000000000
-0.0114050000000000
-0.00786130000000000
-0.00951300000000000
-0.0106370000000000
-0.00986240000000000
-0.00909560000000000
-0.00941480000000000
-0.0103500000000000
-0.0103610000000000
-0.00843790000000000
-0.00804240000000000
-0.0144450000000000
-0.0270570000000000
-0.0376270000000000
-0.0405310000000000
-0.0375500000000000
-0.0342110000000000
-0.0337350000000000
-0.0362510000000000
-0.0366810000000000
-0.0289880000000000
-0.0152670000000000
-0.00730560000000000
-0.00919430000000000
-0.00873090000000000
0.00684020000000000
0.0292400000000000
0.0378920000000000
0.0281080000000000
0.0187850000000000
0.0256960000000000
0.0378800000000000
0.0353110000000000
0.0205100000000000
0.0166320000000000
0.0311010000000000
0.0437360000000000
0.0367630000000000
0.0209180000000000
0.0164760000000000
0.0231120000000000
0.0254290000000000
0.0195280000000000
0.0151710000000000
0.0168280000000000
0.0182050000000000
0.0160350000000000
0.0149550000000000
0.0176400000000000
0.0194750000000000
0.0178800000000000
0.0178760000000000
0.0236680000000000
0.0303290000000000
0.0300520000000000
0.0230550000000000
0.0165580000000000
0.0153630000000000
0.0172860000000000
0.0177840000000000
0.0161140000000000
0.0156210000000000
0.0177810000000000
0.0182520000000000
0.0131350000000000
0.00666350000000000
0.00480230000000000
0.00364800000000000
-0.00369820000000000
-0.0115520000000000
-0.00960070000000000
-0.00432790000000000
-0.0127530000000000
-0.0329490000000000
-0.0425250000000000
-0.0337180000000000
-0.0248660000000000
-0.0297150000000000
-0.0364610000000000
-0.0323890000000000
-0.0247440000000000
-0.0265170000000000
-0.0346500000000000
-0.0367730000000000
-0.0281520000000000
-0.0146250000000000
-0.00624870000000000
-0.0103050000000000
-0.0251050000000000
-0.0366820000000000
-0.0329400000000000
-0.0186940000000000
-0.00941050000000000
-0.00957990000000000
-0.0111660000000000
-0.00988900000000000
-0.00987960000000000
-0.0118660000000000
-0.0104450000000000
-0.00564390000000000
-0.00463520000000000
-0.00917680000000000
-0.0123450000000000
-0.0112930000000000
-0.0106960000000000
-0.0124440000000000
-0.0122970000000000
-0.00949560000000000
-0.00865560000000000
-0.0117520000000000
-0.0130490000000000
-0.00731310000000000
0.00367260000000000
0.0117400000000000
0.0124120000000000
0.00895150000000000
0.0102610000000000
0.0191830000000000
0.0301680000000000
0.0366630000000000
0.0389270000000000
0.0376610000000000
0.0313150000000000
0.0229670000000000
0.0211420000000000
0.0281770000000000
0.0358860000000000
0.0372320000000000
0.0340160000000000
0.0322760000000000
0.0339190000000000
0.0359340000000000
0.0337520000000000
0.0278980000000000
0.0259060000000000
0.0328980000000000
0.0406540000000000
0.0361300000000000
0.0202710000000000
0.00698820000000000
0.00428380000000000
0.00678800000000000
0.00747760000000000
0.00403520000000000
-0.00413350000000000
-0.0154110000000000
-0.0229240000000000
-0.0223060000000000
-0.0182920000000000
-0.0196710000000000
-0.0278440000000000
-0.0366830000000000
-0.0395610000000000
-0.0366580000000000
-0.0321530000000000
-0.0291060000000000
-0.0247370000000000
-0.0154260000000000
-0.00401630000000000
0.00209400000000000
0.00217100000000000
0.00141560000000000
0.00115410000000000
0.000212000000000000
0.00238790000000000
0.0105410000000000
0.0161170000000000
0.0102070000000000
0.000471060000000000
0.00131890000000000
0.00926650000000000
0.00882190000000000
-0.000893880000000000
-0.00432460000000000
0.00473070000000000
0.0153400000000000
0.0168780000000000
0.0122580000000000
0.00907760000000000
0.0100900000000000
0.0124770000000000
0.0117780000000000
0.00620500000000000
0.000263910000000000
-0.000383970000000000
0.00136370000000000
-0.00308010000000000
-0.0151420000000000
-0.0272320000000000
-0.0336530000000000
-0.0365120000000000
-0.0401170000000000
-0.0456530000000000
-0.0510610000000000
-0.0540820000000000
-0.0548640000000000
-0.0547720000000000
-0.0537690000000000
-0.0518900000000000
-0.0508790000000000
-0.0508810000000000
-0.0472150000000000
-0.0382950000000000
-0.0306240000000000
-0.0305430000000000
-0.0312970000000000
-0.0234860000000000
-0.0107540000000000
-0.00331170000000000
0.00114150000000000
0.0102290000000000
0.0203660000000000
0.0240990000000000
0.0257420000000000
0.0315990000000000
0.0355540000000000
0.0324950000000000
0.0326470000000000
0.0438030000000000
0.0513860000000000
0.0401050000000000
0.0206000000000000
0.0130850000000000
0.0167550000000000
0.0196240000000000
0.0216520000000000
0.0274450000000000
0.0306080000000000
0.0271670000000000
0.0257230000000000
0.0300610000000000
0.0290610000000000
0.0208820000000000
0.0209880000000000
0.0330710000000000
0.0368170000000000
0.0219010000000000
0.00623840000000000
0.00507840000000000
0.00793120000000000
0.00197280000000000
-0.00620730000000000
-0.00706080000000000
-0.00512750000000000
-0.00626440000000000
-0.00671550000000000
-0.00542500000000000
-0.00862820000000000
-0.0150130000000000
-0.0141150000000000
-0.00688070000000000
-0.00786950000000000
-0.0214620000000000
-0.0326090000000000
-0.0298940000000000
-0.0223220000000000
-0.0230930000000000
-0.0299770000000000
-0.0331450000000000
-0.0320380000000000
-0.0318400000000000
-0.0326820000000000
-0.0320670000000000
-0.0314920000000000
-0.0329620000000000
-0.0336730000000000
-0.0292720000000000
-0.0194560000000000
-0.00893690000000000
-0.00399140000000000
-0.00668990000000000
-0.0105180000000000
-0.00635650000000000
0.00505780000000000
0.0141420000000000
0.0174110000000000
0.0219560000000000
0.0297780000000000
0.0326730000000000
0.0259890000000000
0.0174460000000000
0.0143960000000000
0.0171910000000000
0.0236500000000000
0.0308280000000000
0.0318000000000000
0.0238830000000000
0.0155990000000000
0.0155560000000000
0.0195580000000000
0.0190260000000000
0.0159180000000000
0.0169680000000000
0.0203230000000000
0.0182010000000000
0.00917320000000000
-0.00152790000000000
-0.00909210000000000
-0.0116540000000000
-0.0106500000000000
-0.0121070000000000
-0.0205630000000000
-0.0306020000000000
-0.0339710000000000
-0.0324310000000000
-0.0330340000000000
-0.0351830000000000
-0.0340370000000000
-0.0315950000000000
-0.0323840000000000
-0.0340590000000000
-0.0310620000000000
-0.0238610000000000
-0.0149960000000000
-0.00408810000000000
0.00748590000000000
0.0149600000000000
0.0193800000000000
0.0260540000000000
0.0318150000000000
0.0286370000000000
0.0208890000000000
0.0218440000000000
0.0329840000000000
0.0427870000000000
0.0450650000000000
0.0438000000000000
0.0427530000000000
0.0414490000000000
0.0383930000000000
0.0317890000000000
0.0226030000000000
0.0184230000000000
0.0233590000000000
0.0266280000000000
0.0160650000000000
-0.00129540000000000
-0.00949530000000000
-0.00825260000000000
-0.00781950000000000
-0.00998150000000000
-0.0104960000000000
-0.0118430000000000
-0.0167550000000000
-0.0206150000000000
-0.0201400000000000
-0.0195990000000000
-0.0200360000000000
-0.0164610000000000
-0.0105360000000000
-0.0102950000000000
-0.0142350000000000
-0.0127890000000000
-0.00650590000000000
-0.00459670000000000
-0.00781040000000000
-0.00852660000000000
-0.00605810000000000
-0.00605120000000000
-0.00820150000000000
-0.00771040000000000
-0.00590010000000000
-0.00686730000000000
-0.00839040000000000
-0.00713410000000000
-0.00594950000000000
-0.00710540000000000
-0.00569090000000000
0.000403400000000000
0.00378730000000000
-0.00141260000000000
-0.00760060000000000
-0.00405310000000000
0.00848420000000000
0.0187870000000000
0.0190180000000000
0.0110730000000000
0.00276840000000000
-0.000450330000000000
-0.000726620000000000
-0.00318010000000000
-0.00653810000000000
-0.00332210000000000
0.00525360000000000
0.00725660000000000
-0.00226600000000000
-0.0116990000000000
-0.0109560000000000
-0.00580000000000000
-0.00605210000000000
-0.00971850000000000
-0.00910140000000000
-0.00438900000000000
-9.80410000000000e-05
0.00456540000000000
0.0119000000000000
0.0176030000000000
0.0172450000000000
0.0156480000000000
0.0198610000000000
0.0275240000000000
0.0308870000000000
0.0296670000000000
0.0292770000000000
0.0302490000000000
0.0279430000000000
0.0222240000000000
0.0178090000000000
0.0167250000000000
0.0168430000000000
0.0160770000000000
0.0130420000000000
0.00662350000000000
-0.000845930000000000
-0.00570910000000000
-0.00814310000000000
-0.0103880000000000
-0.0103600000000000
-0.00666450000000000
-0.00651210000000000
-0.0165850000000000
-0.0286450000000000
-0.0281800000000000
-0.0160420000000000
-0.00663140000000000
-0.00715520000000000
-0.0111690000000000
-0.0112040000000000
-0.00834100000000000
-0.00800170000000000
-0.0115010000000000
-0.0127260000000000
-0.00517570000000000
0.00637850000000000
0.00850700000000000
-0.00227410000000000
-0.0125440000000000
-0.0124540000000000
-0.00856110000000000
-0.00959140000000000
-0.0120470000000000
-0.0108460000000000
-0.00954090000000000
-0.0113730000000000
-0.0123170000000000
-0.0104900000000000
-0.00999680000000000
-0.0103970000000000
-0.00619760000000000
0.00118990000000000
0.00429460000000000
0.00239940000000000
0.000707250000000000
-0.000351400000000000
-0.00136540000000000
0.00209990000000000
0.0106510000000000
0.0141640000000000
0.00853430000000000
0.00399670000000000
0.00815950000000000
0.0129470000000000
0.0118780000000000
0.0103310000000000
0.0119740000000000
0.0115820000000000
0.00920760000000000
0.0113330000000000
0.0138550000000000
0.00552110000000000
-0.00907620000000000
-0.0120330000000000
-0.000622850000000000
0.0100250000000000
0.0115530000000000
0.00948190000000000
0.00872410000000000
0.00901530000000000
0.0100370000000000
0.0102000000000000
0.00713630000000000
0.00626240000000000
0.0159440000000000
0.0297130000000000
0.0301250000000000
0.0158180000000000
0.00458860000000000
0.00574180000000000
0.00996670000000000
0.00871570000000000
0.00590590000000000
0.00655080000000000
0.00873450000000000
0.00852890000000000
0.00401200000000000
-0.00535350000000000
-0.0160190000000000
-0.0211110000000000
-0.0193990000000000
-0.0173820000000000
-0.0188820000000000
-0.0202130000000000
-0.0188840000000000
-0.0181290000000000
-0.0196270000000000
-0.0201670000000000
-0.0187050000000000
-0.0186050000000000
-0.0205170000000000
-0.0202610000000000
-0.0170190000000000
-0.0155650000000000
-0.0181300000000000
-0.0203750000000000
-0.0198090000000000
-0.0193950000000000
-0.0205920000000000
-0.0200850000000000
-0.0184680000000000
-0.0220770000000000
-0.0300890000000000
-0.0305700000000000
-0.0176790000000000
-0.00347980000000000
-0.000839190000000000
-0.00634880000000000
-0.00875860000000000
-0.00714870000000000
-0.00780320000000000
-0.0105230000000000
-0.00892620000000000
-0.00171980000000000
0.00506530000000000
0.00682090000000000
0.00350500000000000
-0.00126370000000000
-0.00289100000000000
0.000664980000000000
0.00505990000000000
0.00567270000000000
0.00385290000000000
0.00379680000000000
0.00500150000000000
0.00464440000000000
0.00361290000000000
0.00431140000000000
0.00513700000000000
0.00379680000000000
0.00303780000000000
0.00624300000000000
0.0113080000000000
0.0150440000000000
0.0190120000000000
0.0248710000000000
0.0293750000000000
0.0299110000000000
0.0289720000000000
0.0291750000000000
0.0294240000000000
0.0289730000000000
0.0290980000000000
0.0295620000000000
0.0289660000000000
0.0284650000000000
0.0296810000000000
0.0301440000000000
0.0267740000000000
0.0203090000000000
0.0131880000000000
0.00551050000000000
-0.00129000000000000
-0.00408710000000000
-0.00200840000000000
0.00164840000000000
0.00469190000000000
0.00587130000000000
0.00218930000000000
-0.00641660000000000
-0.0143000000000000
-0.0177140000000000
-0.0201520000000000
-0.0217890000000000
-0.0178850000000000
-0.00991740000000000
-0.00803140000000000
-0.0146420000000000
-0.0209570000000000
-0.0219830000000000
-0.0226600000000000
-0.0237490000000000
-0.0184450000000000
-0.00624620000000000
0.00310410000000000
0.00443340000000000
0.00239150000000000
0.00167240000000000
0.00164690000000000
0.00108950000000000
0.000808710000000000
0.00151430000000000
0.00288770000000000
0.00354790000000000
0.00148140000000000
-0.00241350000000000
-0.00398780000000000
-0.00208420000000000
-0.00143940000000000
-0.00346990000000000
-0.00310170000000000
0.000733990000000000
0.000667680000000000
-0.00597420000000000
-0.0109440000000000
-0.00913600000000000
-0.00751250000000000
-0.0113730000000000
-0.0143700000000000
-0.0109620000000000
-0.00856620000000000
-0.0157980000000000
-0.0268160000000000
-0.0277430000000000
-0.0152280000000000
0.000662340000000000
0.00989580000000000
0.0117000000000000
0.0113700000000000
0.0124210000000000
0.0133070000000000
0.0116230000000000
0.00953190000000000
0.0128830000000000
0.0214040000000000
0.0264550000000000
0.0205150000000000
0.00756470000000000
-0.00418290000000000
-0.0112990000000000
-0.0151720000000000
-0.0159940000000000
-0.0144850000000000
-0.0138830000000000
-0.0155470000000000
-0.0162030000000000
-0.0145470000000000
-0.0144690000000000
-0.0171160000000000
-0.0170240000000000
-0.0114310000000000
-0.00623390000000000
-0.00674820000000000
-0.00940950000000000
-0.00872300000000000
-0.00494870000000000
0.000911160000000000
0.0100680000000000
0.0196100000000000
0.0229640000000000
0.0202120000000000
0.0190270000000000
0.0217030000000000
0.0212570000000000
0.0145720000000000
0.00842500000000000
0.00736000000000000
0.00729300000000000
0.00607580000000000
0.00711190000000000
0.00869750000000000
0.00389290000000000
-0.00504420000000000
-0.00549140000000000
0.00637870000000000
0.0179930000000000
0.0174290000000000
0.00862790000000000
0.00332550000000000
0.00492270000000000
0.00736350000000000
0.00577570000000000
0.00263950000000000
0.00457410000000000
0.0131060000000000
0.0206020000000000
0.0177790000000000
0.00744320000000000
0.00117420000000000
0.00366200000000000
0.00750430000000000
0.00662410000000000
0.00569030000000000
0.0102430000000000
0.0157690000000000
0.0141990000000000
0.00796680000000000
0.00517140000000000
0.00664840000000000
0.00540760000000000
-0.000950610000000000
-0.00879720000000000
-0.0148900000000000
-0.0197860000000000
-0.0228130000000000
-0.0232380000000000
-0.0225120000000000
-0.0227620000000000
-0.0231640000000000
-0.0229330000000000
-0.0231830000000000
-0.0239610000000000
-0.0234360000000000
-0.0216320000000000
-0.0184560000000000
-0.0117570000000000
-0.00281620000000000
-0.000100010000000000
-0.00605390000000000
-0.0117540000000000
-0.0107490000000000
-0.0105490000000000
-0.0175310000000000
-0.0235000000000000
-0.0182960000000000
-0.00511300000000000
0.00568900000000000
0.00982320000000000
0.00758570000000000
0.00426140000000000
0.00785700000000000
0.0186300000000000
0.0235380000000000
0.0175410000000000
0.0157570000000000
0.0283640000000000
0.0396010000000000
0.0321070000000000
0.0173310000000000
0.0140390000000000
0.0184540000000000
0.0155060000000000
0.00818030000000000
0.00796300000000000
0.0130490000000000
0.0135760000000000
0.00989200000000000
0.00850990000000000
0.00949630000000000
0.00986370000000000
0.00896930000000000
0.00571150000000000
-0.000884590000000000
-0.00592750000000000
-0.00505400000000000
-0.00244220000000000
-0.00449920000000000
-0.00863510000000000
-0.0103090000000000
-0.0118830000000000
-0.0157460000000000
-0.0155730000000000
-0.00864210000000000
-0.00328510000000000
-0.00529500000000000
-0.00858760000000000
-0.00703210000000000
-0.00347570000000000
-0.00151360000000000
-0.000968350000000000
-0.00456610000000000
-0.0157100000000000
-0.0259140000000000
-0.0216770000000000
-0.00724830000000000
-0.000164230000000000
-0.00438080000000000
-0.00746490000000000
-0.00449330000000000
-0.00367840000000000
-0.00814620000000000
-0.00975570000000000
-0.00351980000000000
0.00501350000000000
0.00825010000000000
0.00314540000000000
-0.00872100000000000
-0.0202590000000000
-0.0224840000000000
-0.0165640000000000
-0.0134400000000000
-0.0179160000000000
-0.0221970000000000
-0.0213720000000000
-0.0202150000000000
-0.0220690000000000
-0.0218400000000000
-0.0176750000000000
-0.0153400000000000
-0.0171360000000000
-0.0164190000000000
-0.0109120000000000
-0.00734230000000000
-0.00943740000000000
-0.0115720000000000
-0.00912330000000000
-0.00568810000000000
-0.00503480000000000
-0.00483430000000000
-0.00211490000000000
0.000221810000000000
-0.000444340000000000
-0.000438290000000000
0.00454280000000000
0.0116800000000000
0.0148180000000000
0.0152190000000000
0.0195940000000000
0.0277850000000000
0.0298900000000000
0.0216320000000000
0.0139180000000000
0.0187820000000000
0.0319050000000000
0.0397090000000000
0.0393830000000000
0.0384100000000000
0.0400590000000000
0.0404430000000000
0.0380030000000000
0.0354970000000000
0.0349120000000000
0.0360610000000000
0.0380750000000000
0.0372750000000000
0.0292060000000000
0.0157810000000000
0.00528720000000000
0.000254640000000000
-0.00491570000000000
-0.0142650000000000
-0.0235860000000000
-0.0281120000000000
-0.0283690000000000
-0.0279300000000000
-0.0283910000000000
-0.0290970000000000
-0.0289810000000000
-0.0283970000000000
-0.0290230000000000
-0.0299900000000000
-0.0268740000000000
-0.0178590000000000
-0.00842290000000000
-0.00456780000000000
-0.00522370000000000
-0.00472330000000000
-0.00159120000000000
0.00142920000000000
0.00169950000000000
-0.000516600000000000
-0.00455890000000000
-0.00652140000000000
-0.00260310000000000
0.00574980000000000
0.0112170000000000
0.0121270000000000
0.0133830000000000
0.0176580000000000
0.0179690000000000
0.00847310000000000
-0.00431210000000000
-0.00651010000000000
0.00395050000000000
0.0154190000000000
0.0181690000000000
0.0153760000000000
0.0144210000000000
0.0159950000000000
0.0159650000000000
0.0142360000000000
0.0141150000000000
0.0152710000000000
0.0149720000000000
0.0135670000000000
0.0121310000000000
0.00720240000000000
-0.00280270000000000
-0.0115750000000000
-0.0129780000000000
-0.0116270000000000
-0.0137950000000000
-0.0156230000000000
-0.0110850000000000
-0.00561630000000000
-0.00761050000000000
-0.0128430000000000
-0.0119450000000000
-0.00741100000000000
-0.00624750000000000
-0.00456980000000000
0.00316190000000000
0.00910080000000000
0.00463470000000000
-0.00326970000000000
-0.00352820000000000
-0.000281310000000000
-0.00366940000000000
-0.0108430000000000
-0.0103610000000000
-0.00339750000000000
-0.000429390000000000
-0.00424090000000000
-0.00620710000000000
-0.00219170000000000
0.00304060000000000
0.00410340000000000
0.00317140000000000
0.00416720000000000
0.00529980000000000
0.00175810000000000
-0.00452530000000000
-0.00496940000000000
0.00366790000000000
0.0125040000000000
0.0126640000000000
0.00708500000000000
0.00438090000000000
0.00426250000000000
0.00119370000000000
-0.00289190000000000
0.00135420000000000
0.0146700000000000
0.0244200000000000
0.0202510000000000
0.00723110000000000
-0.00234010000000000
-0.00417700000000000
-0.00271870000000000
-0.00251510000000000
-0.00382080000000000
-0.00479060000000000
-0.00407140000000000
-0.00251870000000000
-0.00260500000000000
-0.00505070000000000
-0.00618140000000000
-0.00361700000000000
-0.00110440000000000
-0.00346850000000000
-0.00776490000000000
-0.00862560000000000
-0.00706540000000000
-0.00761270000000000
-0.00933410000000000
-0.00903820000000000
-0.00830880000000000
-0.00970660000000000
-0.0108080000000000
-0.00971540000000000
-0.00972130000000000
-0.0118860000000000
-0.0119750000000000
-0.0100580000000000
-0.0118040000000000
-0.0151180000000000
-0.0102570000000000
0.000810100000000000
0.00275610000000000
-0.00808050000000000
-0.0149770000000000
-0.00682940000000000
0.00643910000000000
0.0116720000000000
0.0102570000000000
0.00911820000000000
0.00946830000000000
0.00973290000000000
0.00972360000000000
0.00863750000000000
0.00775700000000000
0.0128680000000000
0.0241910000000000
0.0301500000000000
0.0223170000000000
0.00960820000000000
0.00517980000000000
0.00805740000000000
0.00905880000000000
0.00680610000000000
0.00625950000000000
0.00774280000000000
0.00761380000000000
0.00600820000000000
0.00600370000000000
0.00731530000000000
0.00656730000000000
0.00247700000000000
-0.00276320000000000
-0.00639370000000000
-0.00760710000000000
-0.00744280000000000
-0.00722610000000000
-0.00745140000000000
-0.00788410000000000
-0.00812030000000000
-0.00803800000000000
-0.00805330000000000
-0.00854270000000000
-0.00895420000000000
-0.00861980000000000