-0.00114000000000000
0.00620000000000000
0.0120500000000000
0.0160700000000000
0.0257800000000000
0.0243000000000000
0.0185100000000000
-0.00314000000000000
-0.00722000000000000
0.00757000000000000
0.00657000000000000
0.00688000000000000
0.00151000000000000
0.0210300000000000
0.0394100000000000
0.0501100000000000
0.0400700000000000
0.0615600000000000
0.0421200000000000
0.0406700000000000
0.00495000000000000
-0.0685100000000000
-0.00583000000000000
0.0528500000000000
0.00157000000000000
0.00201000000000000
-0.0633600000000000
-0.143530000000000
0.00205000000000000
-0.00615000000000000
-0.136890000000000
-0.0388900000000000
0.0373300000000000
0.0981000000000000
0.229890000000000
0.0557700000000000
-0.0268900000000000
-0.0587600000000000
-0.123260000000000
0.0752900000000000
0.0440000000000000
-0.121410000000000
-0.129160000000000
-0.105460000000000
-0.105470000000000
-0.00704000000000000
-0.0498100000000000
-0.179250000000000
-0.0255700000000000
-0.0408900000000000
0.00521000000000000
0.0423100000000000
-0.00504000000000000
0.0468500000000000
-0.0673600000000000
-0.0360900000000000
0.299810000000000
0.206640000000000
-0.200870000000000
0.0316500000000000
0.280000000000000
0.0748600000000000
-0.0894700000000000
-0.280930000000000
-0.0156900000000000
0.123480000000000
-0.0272500000000000
0.0760500000000000
0.107650000000000
0.0845500000000000
-0.0887800000000000
-0.215510000000000
0.0224600000000000
0.439300000000000
0.524960000000000
0.408570000000000
0.423020000000000
0.590810000000000
0.170330000000000
-0.120650000000000
-0.118270000000000
0.0100600000000000
0.151630000000000
0.00561000000000000
-0.160160000000000
0.237550000000000
1.06860000000000
0.919390000000000
0.0760500000000000
-0.313870000000000
0.0231000000000000
0.0630200000000000
-1.47790000000000
-2.26690000000000
-1.53650000000000
-0.0906100000000000
1.32940000000000
1.72100000000000
1.00830000000000
0.311710000000000
-0.132120000000000
0.402550000000000
-0.251560000000000
-0.877670000000000
0.351690000000000
0.175680000000000
-0.0507700000000000
0.369700000000000
1.56790000000000
2.08500000000000
1.19240000000000
0.0911200000000000
-0.541510000000000
-0.785390000000000
-0.629300000000000
-0.975350000000000
-1.14580000000000
-0.894250000000000
-1.24520000000000
-0.463200000000000
1.30820000000000
0.920720000000000
-0.331130000000000
-0.640440000000000
-0.832070000000000
-2.51070000000000
-3.33480000000000
-2.95300000000000
-2.08450000000000
-0.964980000000000
-0.0438600000000000
0.904230000000000
3.22330000000000
3.55110000000000
2.24100000000000
0.517740000000000
-0.711430000000000
-1.22500000000000
-1.50380000000000
-1.23900000000000
1.17040000000000
2.86510000000000
2.51330000000000
0.935140000000000
-0.153380000000000
-0.458990000000000
-1.11490000000000
-0.767810000000000
-0.631960000000000
-1.37210000000000
-1.57640000000000
0.0458400000000000
1.43420000000000
1.66130000000000
0.997650000000000
-0.648590000000000
-1.50740000000000
-0.156640000000000
0.244900000000000
-0.844350000000000
-0.332010000000000
0.561820000000000
0.950780000000000
0.240230000000000
-1.39910000000000
-1.39640000000000
-0.176160000000000
1.32880000000000
1.99100000000000
0.969970000000000
0.0170100000000000
-0.0100800000000000
1.21310000000000
1.78780000000000
0.744760000000000
-0.380130000000000
-0.700500000000000
-0.296350000000000
-0.167670000000000
-0.265920000000000
-0.515250000000000
-0.125960000000000
0.139510000000000
0.145900000000000
-0.0755800000000000
-0.674340000000000
-0.955530000000000
-0.983280000000000
-0.819720000000000
-0.624990000000000
-0.610310000000000
-0.273660000000000
-0.0250300000000000
-0.0992000000000000
0.147090000000000
0.779530000000000
0.929310000000000
0.247320000000000
0.179020000000000
0.323140000000000
0.131820000000000
-0.00878000000000000
-0.0301600000000000
-0.0619700000000000
-0.227970000000000
0.00629000000000000
0.438390000000000
0.510570000000000
0.204090000000000
0.00731000000000000
-0.0137700000000000
-0.0383100000000000
-0.318430000000000
-0.258640000000000
0.109650000000000
0.0253600000000000
0.0835000000000000
0.223540000000000
0.114520000000000
0.153800000000000
-0.0369700000000000
-0.181500000000000
-0.197980000000000
-0.0654200000000000
0.162590000000000
0.453490000000000
0.539540000000000
0.345100000000000
-0.0421600000000000
-0.304110000000000
-0.225860000000000
0.0809700000000000
0.157440000000000
-0.0950000000000000
-0.174790000000000
-0.194540000000000
-0.0443500000000000
-0.0355500000000000
-0.150940000000000
-0.210920000000000
-0.309210000000000
-0.283390000000000
-0.0692400000000000
0.101370000000000
0.0895000000000000
0.0741900000000000
-0.0334500000000000
-0.181620000000000
-0.0891100000000000
0.134530000000000
0.240380000000000
0.164890000000000
0.105050000000000
0.0549700000000000
-0.180340000000000
-0.345960000000000
-0.228490000000000
-0.272900000000000
-0.356570000000000
-0.274830000000000
-0.0639600000000000
0.148010000000000
0.301100000000000
0.197710000000000
-0.0582700000000000
0.0253100000000000
0.142860000000000
0.100010000000000
-0.0820600000000000
-0.131250000000000
0.202700000000000
0.391690000000000
0.219280000000000
0.0191700000000000
0.0641500000000000
0.169860000000000
0.123020000000000
-0.0788500000000000
-0.159910000000000
-0.105410000000000
-0.126230000000000
-0.108500000000000
-0.0449800000000000
0.00982000000000000
0.0607700000000000
0.0935600000000000
-0.0403100000000000
-0.134490000000000
-0.0831300000000000
-0.134770000000000
-0.144330000000000
-0.0199400000000000
0.0259900000000000
-0.0587300000000000
-0.158280000000000
-0.200990000000000
-0.163070000000000
-0.0447600000000000
0.00349000000000000
0.107370000000000
0.155810000000000
0.0333600000000000
-0.0793200000000000
-0.0768500000000000
0.0268000000000000
0.0786800000000000
0.193710000000000
0.231070000000000
0.195850000000000
0.247220000000000
0.273710000000000
0.0932200000000000
-0.0229500000000000
-0.190780000000000
-0.286270000000000
-0.173060000000000
0.00957000000000000
0.0732300000000000
0.0581800000000000
0.0293700000000000
-0.129470000000000
-0.166390000000000
-0.105520000000000
-0.156460000000000
-0.0189300000000000
0.0597100000000000
-0.00973000000000000
-0.203080000000000
-0.180000000000000
-0.0260800000000000
-0.0944600000000000
-0.0304300000000000
0.195170000000000
0.317730000000000
0.273480000000000
0.108610000000000
-0.0142300000000000
0.00239000000000000
0.0673800000000000
-0.0595700000000000
0.0355100000000000
0.185870000000000
0.134830000000000
0.138440000000000
0.161920000000000
0.109630000000000
0.0646800000000000
-0.000480000000000000
0.0136500000000000
0.00188000000000000
-0.104340000000000
-0.150220000000000
-0.0792700000000000
0.0248100000000000
-0.0278700000000000
-0.153410000000000
-0.212910000000000
-0.261290000000000
-0.223690000000000
-0.132530000000000
-0.180710000000000
-0.300350000000000
-0.316550000000000
-0.240270000000000
-0.133890000000000
-0.0484000000000000
-0.0543300000000000
-0.0327300000000000
0.0593800000000000
0.244420000000000
0.358720000000000
0.288490000000000
0.0778700000000000
0.0213500000000000
0.112210000000000
0.0930700000000000
0.125910000000000
0.209190000000000
0.216020000000000
0.0970400000000000
-0.0795800000000000
0.00452000000000000
0.194010000000000
0.169230000000000
0.0629200000000000
-0.0106300000000000
-0.0512600000000000
-0.166420000000000
-0.217490000000000
-0.203650000000000
-0.205660000000000
0.0192500000000000
0.184580000000000
0.0160400000000000
-0.0803200000000000
-0.170740000000000
-0.187560000000000
-0.0290400000000000
-0.0428500000000000
-0.138960000000000
-0.125890000000000
-0.118540000000000
-0.212820000000000
-0.196990000000000
-0.0276600000000000
0.0935400000000000
0.0582800000000000
-0.0738400000000000
-0.0328300000000000
0.00383000000000000
0.0452300000000000
0.150280000000000
0.184290000000000
0.121890000000000
0.0527500000000000
-0.0586300000000000
-0.153520000000000
-0.0727600000000000
-0.0732100000000000
-0.0895300000000000
-0.0628900000000000
-0.0368200000000000
-0.00483000000000000
0.0993700000000000
0.120540000000000
0.191470000000000
0.250740000000000
0.201990000000000
0.167200000000000
0.174010000000000
0.0911700000000000
0.0818400000000000
0.155640000000000
0.154980000000000
0.0826800000000000
0.0630500000000000
0.0310200000000000
0.0353900000000000
-0.0164200000000000
-0.102150000000000
-0.120200000000000
-0.109820000000000
-0.169320000000000
-0.195100000000000
-0.0662200000000000
0.0275900000000000
-0.0187800000000000
-0.0144600000000000
-0.00872000000000000
-0.0171700000000000
0.0171200000000000
0.0416200000000000
-0.0282800000000000
-0.0315700000000000
0.0625100000000000
0.00534000000000000
0.0255900000000000
0.0436300000000000
-0.0996700000000000
-0.203160000000000
-0.0985700000000000
0.109650000000000
0.123110000000000
-0.0447100000000000
-0.174470000000000
-0.175150000000000
-0.182090000000000
-0.131130000000000
-0.0243700000000000
-0.0490400000000000
-0.132520000000000
-0.0903600000000000
-0.0319800000000000
0.0124100000000000
0.0890900000000000
0.0867500000000000
0.135480000000000
0.175470000000000
0.162780000000000
0.236330000000000
0.304620000000000
0.209150000000000
0.126520000000000
0.117040000000000
0.145050000000000
0.0799200000000000
0.00625000000000000
-0.0353300000000000
-0.00743000000000000
0.00671000000000000
-0.0575600000000000
-0.0770200000000000
-0.0557300000000000
-0.0880500000000000
-0.0949900000000000
-0.0474700000000000
0.0223100000000000
-0.0100300000000000
-0.0369100000000000
-0.0870900000000000
-0.0933200000000000
-0.0513700000000000
-0.0699900000000000
-0.104960000000000
-0.0499900000000000
-0.0570400000000000
-0.0637100000000000
-0.0206200000000000
0.0119200000000000
-0.0969200000000000
-0.136230000000000
-0.109990000000000
0.00535000000000000
0.0484500000000000
0.0191200000000000
0.00183000000000000
-0.0807000000000000
-0.178830000000000
-0.153830000000000
0.0610900000000000
0.107430000000000
0.0218600000000000
0.0338300000000000
0.103150000000000
0.132230000000000
0.0990900000000000
0.123160000000000
0.155740000000000
0.172300000000000
0.157770000000000
0.112150000000000
0.0930000000000000
0.0427500000000000
0.0440900000000000
0.00935000000000000
-0.0989500000000000
-0.141650000000000
-0.0943800000000000
-0.0985700000000000
-0.0906500000000000
-0.0492200000000000
-0.0444000000000000
-0.0210000000000000
0.0149500000000000
0.0356500000000000
-0.0318100000000000
-0.0451900000000000
-0.00347000000000000
0.0488000000000000
0.0274200000000000
-0.00575000000000000
-0.00370000000000000
0.00358000000000000
0.0532600000000000
0.0713600000000000
-0.0210400000000000
-0.0328500000000000
-0.0160600000000000
-0.0179300000000000
0.0475300000000000
0.0527800000000000
-0.0372700000000000
-0.0806700000000000
-0.0205300000000000
-0.0506400000000000
-0.109020000000000
-0.0692600000000000
0.0483000000000000
0.0960000000000000
0.0743700000000000
0.0523100000000000
0.0295100000000000
-0.0300300000000000
0.0102900000000000
0.0362200000000000
-0.0188600000000000
-0.0361000000000000
0.0312700000000000
0.0129800000000000
0.00820000000000000
0.0572600000000000
-0.00227000000000000
-0.0939000000000000
-0.0829200000000000
-0.0106200000000000
-0.00511000000000000
-0.00386000000000000
0.0214900000000000
0.0534400000000000
0.0409000000000000
0.0546100000000000
-0.0116100000000000
-0.0456000000000000
0.0119300000000000
0.0314300000000000
0.0671500000000000
0.0764400000000000
0.100180000000000
0.0509000000000000
-0.0133500000000000
0.00893000000000000
-0.0217500000000000
-0.0332600000000000
0.0234400000000000
-0.00660000000000000
-0.0409600000000000
-0.0367800000000000
-0.0273000000000000
-0.0524700000000000
-0.0350000000000000
0.0120400000000000
-0.00755000000000000
-0.0225300000000000
-0.0449200000000000
-0.0616500000000000
-0.0660700000000000
-0.0536300000000000
-0.0109400000000000
-0.0311200000000000
-0.158990000000000
-0.157000000000000
-0.0491500000000000
0.00358000000000000
0.0155800000000000
0.0330600000000000
0.0475700000000000
0.0614000000000000
0.0273200000000000
-0.0138700000000000
0.0172700000000000
0.0362700000000000
0.00696000000000000
0.0105300000000000
0.0248400000000000
0.0755800000000000
0.124500000000000
0.0893400000000000
0.0309100000000000
0.0223200000000000
0.0666600000000000
0.0454400000000000
0.0158600000000000
-0.0318200000000000
-0.0247900000000000
-0.0321100000000000
-0.0291800000000000
-0.0533700000000000
-0.0414200000000000
-0.0316700000000000
-0.104270000000000
-0.0580500000000000
0.0136000000000000
-0.0469200000000000
-0.0856800000000000
-0.0353100000000000
0.00790000000000000
0.0298800000000000
0.0491500000000000
0.0452300000000000
0.0254900000000000
0.0461800000000000
0.0650400000000000
0.0334700000000000
0.0198700000000000
0.0239000000000000
0.0102800000000000
0.0443000000000000
0.0778400000000000
0.133610000000000
0.178950000000000
0.128730000000000
0.0492100000000000
0.0260100000000000
0.0217700000000000
-0.00527000000000000
-0.0339100000000000
-0.0328900000000000
-0.0150600000000000
0.0126400000000000
0.0227200000000000
-0.0226800000000000
-0.0829200000000000
-0.103790000000000
-0.0739000000000000
-0.0376100000000000
-0.0146300000000000
-0.000700000000000000
-0.0330500000000000
-0.0671500000000000
-0.0594200000000000
0.000890000000000000
0.00306000000000000
-0.00592000000000000
-0.0293000000000000
-0.0579300000000000
-0.0938800000000000
-0.0605500000000000
-0.0452000000000000
-0.0511400000000000
-0.0570300000000000
-0.0730300000000000
-0.0490700000000000
0.000140000000000000
-0.0116100000000000
-0.0103000000000000
0.0247500000000000
0.000180000000000000
-0.00554000000000000
0.0495800000000000
0.0787600000000000
0.0465400000000000
0.00484000000000000
0.0279100000000000
0.0743000000000000
0.0281000000000000
0.0178800000000000
0.0829100000000000
0.130490000000000
0.111860000000000
0.0474600000000000
-0.0195800000000000
-0.0977300000000000
-0.0774100000000000
-0.00560000000000000
0.0110000000000000
0.0270300000000000
0.0263300000000000
-0.00366000000000000
-0.0284700000000000
-0.0118400000000000
0.00252000000000000
-0.00636000000000000
-0.0615500000000000
-0.107640000000000
-0.0585600000000000
0.0176400000000000
0.0388700000000000
-0.0373800000000000
-0.0919200000000000
-0.0770200000000000
-0.0647800000000000
-0.0296100000000000
0.00202000000000000
0.00900000000000000
0.0110300000000000
0.0299800000000000
0.0259700000000000
0.000990000000000000
-0.0618800000000000
-0.0611500000000000
0.0267200000000000
0.111950000000000
0.154220000000000
0.103200000000000
0.0198100000000000
0.00994000000000000
0.0698000000000000
0.0843300000000000
0.0729800000000000
0.0345400000000000
-0.0260600000000000
-0.0769900000000000
-0.102890000000000
-0.0802500000000000
-0.0253600000000000
-0.00522000000000000
0.0408500000000000
0.0577600000000000
0.0389000000000000
-0.0299700000000000
-0.0747800000000000
-0.0783100000000000
-0.0629300000000000
-0.0444000000000000
-0.0384400000000000
-0.0725000000000000
-0.0626600000000000
-0.0284700000000000
0.0129700000000000
0.0374500000000000
0.00522000000000000
0.00712000000000000
0.0270600000000000
0.0119800000000000
0.0293700000000000
0.0490000000000000
-0.0252600000000000
-0.0342300000000000
0.0254100000000000
0.0594000000000000
0.0562100000000000
0.0447100000000000
0.00751000000000000
-0.0138900000000000
0.00319000000000000
-0.0155900000000000
-0.00400000000000000
0.0578500000000000
0.0762900000000000
0.0309300000000000
0.00367000000000000
0.0377700000000000
0.0715100000000000
0.0918200000000000
0.103380000000000
0.0692800000000000
0.00339000000000000
0.0111300000000000
0.0309600000000000
0.0427400000000000
0.0336900000000000
-0.0255700000000000
-0.0475300000000000
-0.0450900000000000
-0.0486700000000000
-0.00866000000000000
-0.00144000000000000
-0.0336400000000000
-0.0645200000000000
-0.110590000000000
-0.147970000000000
-0.138190000000000
-0.114730000000000
-0.0687900000000000
-0.0284000000000000
-0.0146300000000000
0.0170700000000000
0.0217200000000000
-0.00818000000000000
-0.0419000000000000
-0.0384300000000000
0.0351000000000000
0.0607700000000000
0.0154400000000000
-0.0219000000000000
-0.00944000000000000
0.000400000000000000
-0.00198000000000000
-0.00176000000000000
-0.00747000000000000
-0.0266700000000000
-0.0270000000000000
-0.0104400000000000
0.0173900000000000
0.0264600000000000
0.0242000000000000
0.0244800000000000
0.0265000000000000
0.0461400000000000
0.0766900000000000
0.0561600000000000
0.0299200000000000
0.0199400000000000
0.0139300000000000
0.0350300000000000
0.0271600000000000
-0.0118300000000000
-0.0209500000000000
0.0155900000000000
0.0336300000000000
0.00394000000000000
-0.0258000000000000
-0.0281400000000000
-0.0284800000000000
-0.0244300000000000
-0.00790000000000000
-0.0100000000000000
-0.0530000000000000
-0.0519700000000000
-0.0194200000000000
0.0222300000000000
0.00178000000000000
-0.0173000000000000
-0.00746000000000000
-0.00258000000000000
-0.0185700000000000
-0.00568000000000000
0.0134500000000000
0.00903000000000000
0.00105000000000000
-0.000480000000000000
0.0106400000000000
-0.00113000000000000
-0.0265500000000000
-0.0267200000000000
-0.00166000000000000
0.0121500000000000
0.000370000000000000
0.0176600000000000
0.0262700000000000
-0.0182400000000000
-0.0157500000000000
0.00234000000000000
-0.00141000000000000
0.0175600000000000
0.0271100000000000
0.0191100000000000
0.000310000000000000
-0.0223200000000000
-0.0174100000000000
-0.0136300000000000
-0.0156300000000000
0.0139200000000000
0.0241800000000000
0.0264300000000000
0.0219200000000000
0.0224500000000000
0.0247700000000000
0.0171200000000000
-0.0106100000000000
-0.0273600000000000
-0.0247400000000000
0.000260000000000000
0.0260300000000000
0.0148500000000000
-0.0104900000000000
-0.00380000000000000
-0.00419000000000000
-0.0230300000000000
-0.0160100000000000
-0.00350000000000000
-0.0346900000000000
-0.0292700000000000
-0.0192900000000000
-0.000800000000000000
0.0134800000000000
0.0285300000000000
0.0251200000000000
0.0269200000000000
0.0207600000000000
0.00388000000000000
-0.000220000000000000
0.0207500000000000
0.00928000000000000
-0.0136800000000000
-0.0159700000000000
-0.00101000000000000
-0.0270200000000000
-0.0658600000000000
-0.0763100000000000
-0.0399700000000000
-0.0214200000000000
-0.00256000000000000
0.0415400000000000
0.0432200000000000
0.0257300000000000
0.0155100000000000
-0.0245500000000000
-0.0475300000000000
-0.0168800000000000
0.00649000000000000
0.00137000000000000
0.00651000000000000
0.0283800000000000
0.0542900000000000
0.0304600000000000
0.00658000000000000
0.00842000000000000
0.0242200000000000
0.00660000000000000
0.00318000000000000
0.0201900000000000
0.0432900000000000
0.0547500000000000
0.0356000000000000
0.0204300000000000
0.0423200000000000
0.0202100000000000
0.000420000000000000
0.00321000000000000
-0.0175500000000000
-0.0233400000000000
-0.0211800000000000
-0.0211600000000000
-0.0216100000000000
-0.0215700000000000
-0.0337700000000000
-0.0252200000000000
0.00339000000000000
0.00661000000000000
-0.00746000000000000
-0.00171000000000000
0.00975000000000000
0.00508000000000000
0.00768000000000000
0.00633000000000000
0.00703000000000000
-0.00342000000000000
-0.0230000000000000
-0.00950000000000000
0.00974000000000000
-0.00291000000000000
-0.0160600000000000
0.00703000000000000
0.0207200000000000
0.0231700000000000
0.0217600000000000
0.0222800000000000
0.00902000000000000
-0.00117000000000000
0.0237900000000000
0.0465600000000000
0.0539800000000000
0.0718900000000000
0.0640000000000000
0.0461400000000000
0.0502700000000000
0.0463100000000000
0.0275300000000000
0.00234000000000000
-0.0171600000000000
-0.0154500000000000
-0.00186000000000000
-0.0260300000000000
-0.0420900000000000
-0.0201400000000000
0.000720000000000000
-0.00663000000000000
-0.0258200000000000
-0.0199200000000000
-0.00229000000000000
8.00000000000000e-05
-0.00568000000000000
-0.0255900000000000
-0.0206500000000000
0.00847000000000000
0.0243000000000000
-0.00937000000000000
-0.0493000000000000
-0.0475600000000000
-0.0169600000000000
0.00528000000000000
0.000970000000000000
0.00273000000000000
0.00380000000000000
-0.00240000000000000
-0.0219900000000000
-0.0235600000000000
-0.0220800000000000
-0.0192600000000000
-0.00184000000000000
0.00737000000000000
0.0166100000000000
0.0141400000000000
0.000250000000000000
0.00145000000000000
-0.0193700000000000
-0.0189200000000000
-0.00624000000000000
-0.00609000000000000
-0.0108400000000000
-0.00212000000000000
-0.000310000000000000
-0.0236800000000000
-0.0477800000000000
-0.0293600000000000
0.00407000000000000
0.00656000000000000
-0.00940000000000000
-0.0212800000000000
-0.0161700000000000
-0.0160300000000000
-0.00954000000000000
0.00859000000000000
-0.00124000000000000
-0.0116800000000000
-0.00205000000000000
-0.00486000000000000
-0.0164100000000000
-0.0175300000000000
-0.0126600000000000
-0.00462000000000000
-0.0139200000000000
-0.00316000000000000
-0.000960000000000000
-0.0160400000000000
-0.0147700000000000
0.00109000000000000
0.0173400000000000
0.0195400000000000
0.00919000000000000
-0.0223300000000000
-0.0489000000000000
-0.0494000000000000
-0.0228800000000000
-0.0133400000000000
-0.0152000000000000
-0.0115100000000000
-0.0125200000000000
-0.00827000000000000
0.00162000000000000
0.00912000000000000
0.0103600000000000
-0.00709000000000000
-0.0149300000000000
-0.0116800000000000
0.00470000000000000
0.0282700000000000
0.0246000000000000
0.00764000000000000
-0.00676000000000000
-0.0120900000000000
0.000130000000000000
0.0126800000000000
0.0101400000000000
0.0101800000000000
0.0155500000000000
0.0134700000000000
0.0147900000000000
0.0139300000000000
0.00969000000000000
0.000520000000000000
0.00296000000000000
0.00782000000000000
0.00956000000000000
-0.00267000000000000
-0.0135900000000000
-0.0229900000000000
-0.0132600000000000
-0.0103400000000000
-0.0165000000000000
-0.0268700000000000
-0.0231800000000000
-0.0116600000000000
-0.00234000000000000
0.000690000000000000
0.00533000000000000
0.0159700000000000
0.0127800000000000
-0.00430000000000000
-0.0109900000000000
-0.00796000000000000
0.00138000000000000
0.0170500000000000
-0.00233000000000000
-0.0435500000000000
-0.0538000000000000
-0.0213100000000000
0.00102000000000000
-0.00350000000000000
-0.00985000000000000
-0.00641000000000000
0.00469000000000000
0.00917000000000000
-0.00743000000000000
-0.00908000000000000
-0.00782000000000000
-0.00520000000000000
0.00779000000000000
0.00964000000000000
0.0155500000000000
-0.000180000000000000
-0.00804000000000000
0.00687000000000000
0.0140000000000000
0.0230400000000000
0.0424000000000000
0.0594500000000000
0.0546000000000000
0.0488800000000000
0.0426300000000000
0.0389700000000000
0.0298000000000000
0.0260600000000000
0.0190100000000000
0.0282900000000000
0.0395000000000000
0.0323500000000000
0.0225000000000000
0.0147300000000000
0.0188200000000000
0.0185400000000000
0.0149900000000000
0.00930000000000000
0.0183100000000000
0.0247800000000000
0.0342100000000000
0.0258400000000000
0.00343000000000000
-0.00610000000000000
-0.00738000000000000
0.000830000000000000
0.00627000000000000
-1.00000000000000e-05
-0.00975000000000000
-0.0161800000000000
-0.0304000000000000
-0.0346700000000000
-0.0274100000000000
-0.0236800000000000
-0.0334200000000000
-0.0386300000000000
-0.0453100000000000
-0.0476100000000000
-0.0468600000000000
-0.0403400000000000
-0.0215800000000000
-0.0201700000000000
-0.0221400000000000
-0.0228300000000000
-0.0200800000000000
-0.0215100000000000
-0.0176500000000000
-0.0100800000000000
0.00337000000000000
0.00644000000000000
0.00552000000000000
0.0161700000000000
0.0262600000000000
0.00850000000000000
0.00482000000000000
0.0203700000000000
0.0469700000000000
0.0516000000000000
0.0358200000000000
0.0288500000000000
0.0201500000000000
0.00135000000000000
0.00283000000000000
0.00499000000000000
0.00608000000000000
0.00663000000000000
0.00328000000000000
-0.00261000000000000
-0.0205700000000000
-0.0223000000000000
-0.0138600000000000
0.00534000000000000
0.00389000000000000
0.00460000000000000
0.0107500000000000
0.0284400000000000
0.0233900000000000
0.00980000000000000
0.000860000000000000
0.00531000000000000
0.00359000000000000
0.0175700000000000
0.00887000000000000
-0.000970000000000000
-0.0133000000000000
-0.0239100000000000
-0.0171500000000000
-0.00582000000000000
0.00728000000000000
0.0167600000000000
0.00629000000000000
-0.0104300000000000
-0.00449000000000000
0.00324000000000000
0.000990000000000000
-0.0105700000000000
-0.0243700000000000
-0.0228400000000000
-0.0199100000000000
-0.00220000000000000
0.00339000000000000
0.000480000000000000
-0.0116100000000000
-0.0257700000000000
-0.00983000000000000
0.00350000000000000
0.000280000000000000
-0.00112000000000000
0.000320000000000000
-0.00823000000000000
-0.0197800000000000
-0.0252900000000000
-0.0231600000000000
-0.0107400000000000
0.00958000000000000
0.00238000000000000
0.00359000000000000
-0.00728000000000000
-0.0254800000000000
-0.0210900000000000
-0.000920000000000000
0.00312000000000000
0.00562000000000000
0.00266000000000000
7.00000000000000e-05
0.00142000000000000
0.000540000000000000
0.000940000000000000
0.000510000000000000
0.00131000000000000
0.00780000000000000
0.0148700000000000
0.0110400000000000
0.0200000000000000
0.0273300000000000
0.0250900000000000
0.0258100000000000
0.0254500000000000
0.0262300000000000
0.0173600000000000
-0.00119000000000000
0.00402000000000000
0.0237800000000000
0.0305600000000000
0.0251400000000000
0.0145800000000000
-0.00405000000000000
-0.00666000000000000
-0.000660000000000000
0.0250900000000000
0.0256900000000000
0.0258000000000000
0.0238500000000000
0.0154400000000000
-0.00150000000000000
-0.00220000000000000
-0.0159000000000000
-0.0299100000000000
-0.0201200000000000
-0.00276000000000000
-0.000800000000000000
-0.00242000000000000
-0.00386000000000000
-0.00366000000000000
-0.00345000000000000
-0.0219100000000000
-0.0289500000000000
-0.0252800000000000
-0.0301900000000000
-0.0280100000000000
-0.0295000000000000
-0.0264600000000000
-0.0186000000000000
-0.00374000000000000
-0.0179500000000000
-0.0248000000000000
-0.00563000000000000
-0.00764000000000000
-0.00969000000000000
-0.0265200000000000
-0.0304200000000000
-0.0281600000000000
-0.0286500000000000
-0.0238000000000000
-0.00531000000000000
-0.00191000000000000
-0.00293000000000000
0.00984000000000000
0.0216800000000000
0.0141400000000000
0.0230400000000000
0.0226300000000000
0.0224300000000000
0.0105400000000000
-0.00350000000000000
-0.00361000000000000
0.00462000000000000
0.00977000000000000
0.0203500000000000
0.0349700000000000
0.0316300000000000
0.0210400000000000
0.0193900000000000
0.00671000000000000
0.0130700000000000
0.0270800000000000
0.0256800000000000
0.0147200000000000
0.00775000000000000
0.0229600000000000
0.00486000000000000
-0.00482000000000000
-0.00309000000000000
-0.000690000000000000
-0.00346000000000000
-0.00363000000000000
-0.00377000000000000
-0.00343000000000000
-0.00429000000000000
-0.00729000000000000
-0.0150000000000000
-0.0104600000000000
-0.0157000000000000
-0.0146900000000000
-0.00419000000000000
-0.00662000000000000
-0.0254100000000000
-0.0184200000000000
-0.000510000000000000
-0.00221000000000000
0.00568000000000000
-0.00300000000000000
-0.00525000000000000
-0.0116900000000000
-0.0191700000000000
-0.00415000000000000
-0.00360000000000000
0.00564000000000000
0.0178100000000000
0.0109400000000000
-0.000570000000000000
-0.00660000000000000
-0.00327000000000000
-0.00326000000000000
0.00736000000000000
0.0216600000000000
0.0181600000000000
-0.00262000000000000
-0.00583000000000000
-0.00392000000000000
-0.000850000000000000
0.0154200000000000
0.0241000000000000
0.0199400000000000
0.0169800000000000
0.0127800000000000
0.0183700000000000
0.0120200000000000
0.00152000000000000
-0.00660000000000000
-0.00720000000000000
-0.00941000000000000
-0.00421000000000000
-0.00468000000000000
-0.00475000000000000
-0.00581000000000000
-0.0204900000000000
-0.0344700000000000
-0.0299500000000000
-0.0321700000000000
-0.0300200000000000
-0.0290000000000000
-0.0140400000000000
-0.00321000000000000
-0.00588000000000000
-0.0171400000000000
-0.0221900000000000
-0.00262000000000000
-0.00569000000000000
-0.00629000000000000
-0.0114200000000000
-0.00589000000000000
0.00267000000000000
0.00120000000000000
-0.00648000000000000
-0.00428000000000000
-0.00530000000000000
-0.000890000000000000
0.00127000000000000
-0.00556000000000000
-0.00435000000000000
-0.000290000000000000
0.0109400000000000
0.00286000000000000
-0.00470000000000000
0.00469000000000000
-0.00169000000000000
0.0171500000000000
0.0224900000000000
0.0123800000000000
0.0125800000000000
0.0240800000000000
0.0197400000000000
0.0119500000000000
0.00410000000000000
0.0214000000000000
0.0190500000000000
0.0228100000000000
0.0201200000000000
0.0221500000000000
0.0204400000000000
0.0218800000000000
0.0205600000000000
0.0217500000000000
0.0204000000000000
0.0164700000000000
0.00118000000000000
-0.00496000000000000
-0.00845000000000000
-0.00752000000000000
-0.00339000000000000
-0.00481000000000000
-0.00428000000000000
-0.00456000000000000
-0.00487000000000000
-0.0146800000000000
-0.0266200000000000
-0.00429000000000000
-0.00408000000000000
-0.00484000000000000
-0.00992000000000000
-0.0269200000000000
-0.0332600000000000
-0.0301000000000000
-0.0318900000000000
-0.0305500000000000
-0.0316900000000000
-0.0307600000000000
-0.0258500000000000
-0.0109800000000000
-0.00900000000000000
-0.00290000000000000
-0.00604000000000000
-0.00429000000000000
-0.00795000000000000
-0.00687000000000000
-0.00662000000000000
-0.00442000000000000
-0.00548000000000000
-0.00483000000000000
-0.00545000000000000
-0.00461000000000000
0.00377000000000000
0.0226000000000000
0.0208900000000000
0.0191700000000000
0.0187700000000000
0.0173500000000000
0.0158900000000000
0.0202100000000000
-0.00168000000000000
-0.00687000000000000
-0.00331000000000000
0.0132600000000000
0.0236600000000000
0.0195200000000000
0.0176800000000000
0.00218000000000000
-0.00480000000000000
0.00651000000000000
0.0160000000000000
0.0219500000000000
0.0189500000000000
0.0115400000000000
0.000580000000000000
0.0163700000000000
0.0186900000000000
0.00632000000000000
-0.00881000000000000
-0.00549000000000000
-0.00717000000000000
-0.00626000000000000
-0.0102100000000000
-0.00633000000000000
-0.00419000000000000
0.0123300000000000
0.0217200000000000
0.0186100000000000
0.00926000000000000
-0.00856000000000000
-0.00295000000000000
-0.00166000000000000
-0.00383000000000000
-0.00737000000000000
-0.00493000000000000
0.00119000000000000
0.0210300000000000
0.0184500000000000
0.0172000000000000
-0.00225000000000000
-0.00810000000000000
-0.00106000000000000
0.0165000000000000
0.0195100000000000
0.00446000000000000
-0.00886000000000000
-0.00299000000000000
0.0113500000000000
0.00951000000000000
-0.00736000000000000
-0.00227000000000000
0.00565000000000000
0.0176500000000000
0.0156500000000000
0.00178000000000000
-0.0102700000000000
-0.00631000000000000
-0.00831000000000000
-0.00708000000000000
-0.00812000000000000
-0.00750000000000000
-0.00812000000000000
-0.00910000000000000
-0.0236200000000000
-0.0319400000000000
-0.00741000000000000
-0.00818000000000000
-0.00791000000000000
-0.00986000000000000
-0.0212300000000000
-0.0360500000000000
-0.0146800000000000
-0.00253000000000000
0.00140000000000000
-0.00974000000000000
-0.00904000000000000
-0.00836000000000000
-0.000600000000000000
0.0163700000000000
0.00446000000000000
-0.00454000000000000
-0.00355000000000000
0.0154600000000000
0.000970000000000000
-0.00763000000000000
0.00207000000000000
-0.0107800000000000
-0.00903000000000000
-0.00372000000000000
-0.000760000000000000
-0.00828000000000000
0.0154800000000000
0.0146000000000000
0.0136800000000000
0.0165300000000000
0.0158700000000000
0.0206400000000000
0.0232100000000000
0.0149300000000000
0.0156900000000000
0.0151400000000000
0.0155300000000000
0.0160800000000000
0.0288900000000000
0.0407900000000000
0.0186200000000000
0.0131800000000000
0.0155200000000000
0.0142100000000000
0.00830000000000000
-0.0118900000000000
-0.0126100000000000
-0.0116200000000000
-0.00535000000000000
0.0107400000000000
0.0124100000000000
-0.00761000000000000
-0.0132700000000000
-0.00995000000000000
0.00116000000000000
0.00817000000000000
-0.0140800000000000
-0.0113200000000000
-0.0130200000000000
-0.0113000000000000
-0.0131700000000000
-0.0136000000000000
-0.0250400000000000
-0.0299400000000000
-0.0383300000000000
-0.0226600000000000
-0.0266900000000000
-0.0415700000000000
-0.0383400000000000
-0.0279300000000000
-0.0108000000000000
-0.0142800000000000
-0.0126400000000000
-0.0127900000000000
0.00347000000000000
0.00686000000000000
-0.0156400000000000
-0.0138800000000000
-0.0141000000000000
-0.00636000000000000
0.0118900000000000
0.0128700000000000
0.0117300000000000
0.0119700000000000
0.0117200000000000
0.0115900000000000
0.0115800000000000
0.0112600000000000
0.0114000000000000
0.0110900000000000
0.0113500000000000
0.0109300000000000
0.0112000000000000
0.0104600000000000
0.00246000000000000
-0.0108900000000000
0.00524000000000000
0.0117500000000000
0.0104600000000000
0.0106900000000000
0.0104700000000000
0.0106600000000000
0.0103300000000000
0.0106800000000000
0.0100800000000000
0.00671000000000000
-0.0101600000000000
-0.0177100000000000
-0.0158600000000000
-0.0159900000000000
-0.00733000000000000
0.00374000000000000
-0.0157900000000000
-0.00788000000000000
0.0111200000000000
0.0100600000000000
0.00969000000000000
0.00979000000000000
0.00951000000000000
0.00975000000000000
0.00937000000000000
0.00961000000000000
0.00914000000000000
0.00946000000000000
0.00888000000000000
0.00938000000000000
0.00857000000000000
0.00932000000000000
0.00822000000000000
0.00941000000000000
0.00792000000000000
0.00689000000000000
-0.0113100000000000
-0.0200400000000000
-0.0109000000000000
0.00777000000000000
0.00646000000000000
-0.0114400000000000
-0.0153300000000000
0.00866000000000000
0.00785000000000000
0.00322000000000000
-0.0160000000000000
-0.0188600000000000
-0.0124000000000000
0.00494000000000000
0.00532000000000000
-0.0153300000000000
-0.0190100000000000
-0.0149800000000000
-0.00324000000000000
-0.00781000000000000
0.00278000000000000
0.00886000000000000
0.00629000000000000
0.00169000000000000
-0.0129900000000000
-0.0190600000000000
-0.0186300000000000
-0.0180300000000000
-0.0133400000000000
-0.0161500000000000
-0.000340000000000000
0.00911000000000000
0.00613000000000000
0.00804000000000000
0.00687000000000000
0.00758000000000000
0.00727000000000000
0.0105500000000000
0.00853000000000000
0.00634000000000000
0.00753000000000000
0.00673000000000000
0.00728000000000000
0.00680000000000000
0.00709000000000000
0.00685000000000000
0.00690000000000000
0.00698000000000000
0.00702000000000000
0.0142600000000000
0.0172800000000000
0.00368000000000000
0.00781000000000000
0.00549000000000000
0.00720000000000000
0.00559000000000000
0.00690000000000000
0.00564000000000000
0.00671000000000000
0.00550000000000000
0.00648000000000000
0.00500000000000000
-0.00215000000000000
-0.0180700000000000
-0.00515000000000000
-0.00222000000000000
0.00569000000000000
0.00102000000000000
-0.0185400000000000
-0.0229500000000000
-0.0204300000000000
-0.0218700000000000
-0.0208300000000000
-0.0218200000000000
-0.0209600000000000
-0.0219300000000000
-0.0210000000000000
-0.0210200000000000
-0.0121100000000000
-0.0162200000000000
-0.0232000000000000
-0.0101100000000000
-0.00296000000000000
0.00568000000000000
0.00471000000000000
0.00487000000000000
0.00458000000000000
0.00484000000000000
0.00457000000000000
0.00476000000000000
0.00456000000000000
0.00465000000000000
0.00458000000000000
0.00453000000000000
0.00461000000000000
0.00439000000000000
0.00467000000000000
0.00424000000000000
0.00479000000000000
0.00405000000000000
0.00498000000000000
0.00377000000000000
0.00524000000000000
0.00477000000000000
0.0134800000000000
0.00563000000000000
0.00419000000000000
0.0103600000000000
0.0235600000000000
0.0106800000000000
0.0164600000000000
0.0119100000000000
0.000830000000000000
0.00610000000000000
0.00571000000000000
0.0244600000000000
0.0327800000000000
0.0245000000000000
0.0155500000000000
0.00656000000000000
0.00302000000000000
0.00409000000000000
-0.00412000000000000
-0.00977000000000000
-0.00815000000000000
-0.00877000000000000
-0.00836000000000000
-0.00870000000000000
-0.00840000000000000
-0.00869000000000000
-0.00837000000000000
-0.00877000000000000
-0.00827000000000000
-0.00893000000000000
-0.00915000000000000
-0.0202200000000000
-0.0208700000000000
-0.00566000000000000
-0.00982000000000000
-0.00758000000000000
-0.00946000000000000
-0.00633000000000000
-0.00465000000000000