-0.000195590000000000
-0.000588610000000000
-0.000135940000000000
-0.00204600000000000
-0.00806140000000000
-0.0151110000000000
-0.0188660000000000
-0.0200270000000000
-0.0173050000000000
-0.00351490000000000
0.0242390000000000
0.0518480000000000
0.0542530000000000
0.0249420000000000
-0.0146090000000000
-0.0398250000000000
-0.0469140000000000
-0.0440970000000000
-0.0341200000000000
-0.0169440000000000
-0.000612170000000000
0.00597830000000000
0.00702560000000000
0.0130050000000000
0.0212920000000000
0.0189620000000000
0.00646770000000000
0.00263130000000000
0.0208550000000000
0.0510040000000000
0.0707210000000000
0.0660600000000000
0.0385380000000000
-0.000207960000000000
-0.0341810000000000
-0.0482770000000000
-0.0361660000000000
-0.00803870000000000
0.0122640000000000
0.00611050000000000
-0.0182270000000000
-0.0333900000000000
-0.0267380000000000
-0.0160560000000000
-0.0216720000000000
-0.0353560000000000
-0.0298700000000000
0.00278750000000000
0.0374710000000000
0.0452590000000000
0.0253990000000000
0.00313200000000000
0.00330910000000000
0.0297700000000000
0.0631580000000000
0.0774790000000000
0.0621930000000000
0.0302940000000000
0.00158850000000000
-0.0180410000000000
-0.0341020000000000
-0.0473250000000000
-0.0559300000000000
-0.0657740000000000
-0.0783280000000000
-0.0737150000000000
-0.0344400000000000
0.0164000000000000
0.0331190000000000
0.00983210000000000
-0.0107270000000000
0.00506830000000000
0.0457230000000000
0.0826220000000000
0.0983380000000000
0.0793070000000000
0.0154140000000000
-0.0707540000000000
-0.124400000000000
-0.113130000000000
-0.0629370000000000
-0.0210780000000000
0.000362710000000000
0.0227180000000000
0.0524430000000000
0.0653140000000000
0.0455670000000000
0.0174660000000000
0.0202800000000000
0.0612760000000000
0.102910000000000
0.0981160000000000
0.0315240000000000
-0.0704570000000000
-0.160400000000000
-0.193900000000000
-0.156510000000000
-0.0763130000000000
-0.00835260000000000
0.0115840000000000
-0.00296810000000000
-0.00617650000000000
0.0263170000000000
0.0769360000000000
0.111930000000000
0.113470000000000
0.0875200000000000
0.0567720000000000
0.0350120000000000
0.00492810000000000
-0.0554240000000000
-0.119330000000000
-0.124030000000000
-0.0554250000000000
0.0272610000000000
0.0668060000000000
0.0566380000000000
0.00677940000000000
-0.0646790000000000
-0.0918110000000000
-0.0121890000000000
0.120000000000000
0.163130000000000
0.0662010000000000
-0.0830040000000000
-0.189960000000000
-0.231180000000000
-0.197430000000000
-0.0822800000000000
0.0558300000000000
0.118730000000000
0.0749420000000000
-0.0173070000000000
-0.0740560000000000
-0.0272180000000000
0.132800000000000
0.301150000000000
0.328960000000000
0.189170000000000
-0.00425760000000000
-0.149020000000000
-0.223830000000000
-0.216880000000000
-0.119860000000000
-0.00822260000000000
0.00692700000000000
-0.0655430000000000
-0.111270000000000
-0.0834320000000000
-0.0368220000000000
-0.00865520000000000
0.0216430000000000
0.0588940000000000
0.0770950000000000
0.0727940000000000
0.0767220000000000
0.0972730000000000
0.0966540000000000
0.0342890000000000
-0.0735720000000000
-0.141580000000000
-0.0860810000000000
0.0701060000000000
0.189180000000000
0.160620000000000
0.0187450000000000
-0.108470000000000
-0.140680000000000
-0.0891760000000000
-0.00379380000000000
0.0656350000000000
0.0714760000000000
-0.00296240000000000
-0.103030000000000
-0.136150000000000
-0.0764680000000000
-0.00432700000000000
-0.00758000000000000
-0.0651110000000000
-0.0772100000000000
-0.00102070000000000
0.0965960000000000
0.134420000000000
0.114170000000000
0.0865190000000000
0.0711070000000000
0.0593340000000000
0.0599000000000000
0.0805050000000000
0.0815730000000000
0.00812850000000000
-0.129990000000000
-0.249360000000000
-0.277180000000000
-0.212920000000000
-0.102060000000000
0.0110500000000000
0.0886760000000000
0.103160000000000
0.0724170000000000
0.0584540000000000
0.0995690000000000
0.159060000000000
0.163750000000000
0.0873810000000000
-0.0207280000000000
-0.0876580000000000
-0.0885230000000000
-0.0491050000000000
0.00243470000000000
0.0603750000000000
0.107750000000000
0.100010000000000
0.0231500000000000
-0.0516360000000000
-0.0380710000000000
0.0415790000000000
0.0751870000000000
0.0123230000000000
-0.0772870000000000
-0.121160000000000
-0.136140000000000
-0.145360000000000
-0.0975660000000000
0.0415570000000000
0.177170000000000
0.174670000000000
0.0361920000000000
-0.0961950000000000
-0.116500000000000
-0.0549850000000000
0.0151700000000000
0.0728080000000000
0.119150000000000
0.132550000000000
0.105400000000000
0.0603150000000000
0.00905030000000000
-0.0593680000000000
-0.125840000000000
-0.140810000000000
-0.0967830000000000
-0.0486270000000000
-0.0303600000000000
-0.0157440000000000
0.0154680000000000
0.0362420000000000
0.0331470000000000
0.0434890000000000
0.0884730000000000
0.129330000000000
0.127230000000000
0.103060000000000
0.0973980000000000
0.109490000000000
0.0950920000000000
0.0158340000000000
-0.112520000000000
-0.223310000000000
-0.261020000000000
-0.227650000000000
-0.147570000000000
-0.0372260000000000
0.0735560000000000
0.132200000000000
0.125200000000000
0.0940930000000000
0.0735120000000000
0.0563650000000000
0.0506420000000000
0.0852360000000000
0.131810000000000
0.113160000000000
0.0124590000000000
-0.108820000000000
-0.198870000000000
-0.229110000000000
-0.174350000000000
-0.0620800000000000
0.0144810000000000
0.0135140000000000
0.00537370000000000
0.0604540000000000
0.157020000000000
0.243320000000000
0.299380000000000
0.291850000000000
0.186690000000000
0.0309070000000000
-0.0757810000000000
-0.113730000000000
-0.137640000000000
-0.165330000000000
-0.162790000000000
-0.127410000000000
-0.0876110000000000
-0.0397030000000000
0.0413700000000000
0.129180000000000
0.155160000000000
0.0945750000000000
0.00283530000000000
-0.0579080000000000
-0.0907740000000000
-0.128920000000000
-0.152950000000000
-0.120000000000000
-0.0605050000000000
-0.0522750000000000
-0.0884810000000000
-0.0758660000000000
0.0207830000000000
0.131730000000000
0.197520000000000
0.226070000000000
0.223690000000000
0.165240000000000
0.0486300000000000
-0.0891730000000000
-0.202260000000000
-0.237970000000000
-0.163940000000000
-0.0446240000000000
-0.0132110000000000
-0.107000000000000
-0.220430000000000
-0.264560000000000
-0.257310000000000
-0.222400000000000
-0.124030000000000
0.0314100000000000
0.149230000000000
0.164850000000000
0.126160000000000
0.0962830000000000
0.0755560000000000
0.0589890000000000
0.0736630000000000
0.113230000000000
0.106320000000000
0.00111270000000000
-0.163360000000000
-0.291110000000000
-0.306500000000000
-0.178850000000000
0.0599960000000000
0.303460000000000
0.438260000000000
0.444430000000000
0.389880000000000
0.334960000000000
0.277530000000000
0.193320000000000
0.0919580000000000
0.00806450000000000
-0.0532530000000000
-0.120350000000000
-0.219110000000000
-0.335210000000000
-0.415320000000000
-0.417540000000000
-0.354420000000000
-0.253450000000000
-0.110710000000000
0.0591420000000000
0.192390000000000
0.258540000000000
0.335450000000000
0.508710000000000
0.725200000000000
0.825060000000000
0.721850000000000
0.471720000000000
0.179120000000000
-0.0705840000000000
-0.218200000000000
-0.269560000000000
-0.313560000000000
-0.417480000000000
-0.537310000000000
-0.584000000000000
-0.539270000000000
-0.450570000000000
-0.347040000000000
-0.218070000000000
-0.0675240000000000
0.0572440000000000
0.0988640000000000
0.0478390000000000
-0.0383260000000000
-0.0812990000000000
-0.0572490000000000
0.00720140000000000
0.0965050000000000
0.216790000000000
0.342820000000000
0.411200000000000
0.376880000000000
0.253520000000000
0.100680000000000
-0.0234820000000000
-0.103120000000000
-0.181370000000000
-0.299890000000000
-0.437530000000000
-0.545970000000000
-0.629490000000000
-0.705580000000000
-0.732860000000000
-0.658500000000000
-0.502520000000000
-0.322350000000000
-0.145630000000000
0.00312600000000000
0.0782800000000000
0.0835570000000000
0.0993390000000000
0.177670000000000
0.281600000000000
0.375250000000000
0.483420000000000
0.605900000000000
0.674910000000000
0.654370000000000
0.594300000000000
0.542190000000000
0.480780000000000
0.386610000000000
0.273580000000000
0.148640000000000
-0.0118530000000000
-0.203920000000000
-0.368940000000000
-0.460630000000000
-0.491640000000000
-0.494290000000000
-0.476650000000000
-0.443220000000000
-0.409870000000000
-0.365270000000000
-0.253670000000000
-0.0351290000000000
0.266350000000000
0.597550000000000
0.901570000000000
1.09300000000000
1.09270000000000
0.929230000000000
0.720880000000000
0.529300000000000
0.319720000000000
0.0798530000000000
-0.148010000000000
-0.365230000000000
-0.614190000000000
-0.860150000000000
-1.01240000000000
-1.06020000000000
-1.05900000000000
-0.991650000000000
-0.815510000000000
-0.610800000000000
-0.486340000000000
-0.376230000000000
-0.155240000000000
0.0961050000000000
0.172290000000000
0.0361680000000000
-0.162280000000000
-0.313180000000000
-0.405220000000000
-0.401740000000000
-0.254820000000000
-0.0244650000000000
0.193210000000000
0.410810000000000
0.664820000000000
0.871730000000000
0.946240000000000
0.958250000000000
1.01130000000000
1.04810000000000
0.932430000000000
0.648590000000000
0.288750000000000
-0.0800090000000000
-0.407640000000000
-0.606570000000000
-0.645320000000000
-0.621830000000000
-0.620140000000000
-0.575560000000000
-0.407640000000000
-0.199940000000000
-0.0952590000000000
-0.0742020000000000
0.00674810000000000
0.184320000000000
0.339170000000000
0.375340000000000
0.331090000000000
0.285680000000000
0.250750000000000
0.195130000000000
0.120610000000000
0.0671890000000000
0.0638560000000000
0.0892930000000000
0.0821510000000000
0.0215720000000000
0.00523850000000000
0.155160000000000
0.423130000000000
0.600810000000000
0.576870000000000
0.448230000000000
0.336200000000000
0.219400000000000
0.0250630000000000
-0.251930000000000
-0.590190000000000
-0.962310000000000
-1.23790000000000
-1.23820000000000
-0.974480000000000
-0.664560000000000
-0.449700000000000
-0.270410000000000
-0.0665390000000000
0.130100000000000
0.354860000000000
0.726300000000000
1.19610000000000
1.49310000000000
1.42640000000000
1.09750000000000
0.717890000000000
0.359310000000000
0.00381110000000000
-0.296020000000000
-0.460050000000000
-0.530170000000000
-0.649610000000000
-0.880230000000000
-1.10760000000000
-1.15670000000000
-0.981400000000000
-0.684900000000000
-0.377920000000000
-0.0882510000000000
0.177590000000000
0.369340000000000
0.447910000000000
0.447880000000000
0.432100000000000
0.417000000000000
0.404720000000000
0.435070000000000
0.528880000000000
0.608060000000000
0.563740000000000
0.402010000000000
0.245240000000000
0.188550000000000
0.222210000000000
0.297660000000000
0.382820000000000
0.432200000000000
0.376490000000000
0.193330000000000
-0.0452060000000000
-0.230290000000000
-0.319640000000000
-0.366700000000000
-0.439310000000000
-0.522400000000000
-0.543170000000000
-0.497600000000000
-0.483550000000000
-0.566690000000000
-0.686120000000000
-0.750980000000000
-0.755390000000000
-0.726390000000000
-0.650140000000000
-0.527750000000000
-0.422150000000000
-0.377790000000000
-0.374740000000000
-0.385170000000000
-0.373320000000000
-0.240840000000000
0.0771060000000000
0.450440000000000
0.642190000000000
0.584030000000000
0.424340000000000
0.309860000000000
0.264210000000000
0.281980000000000
0.378620000000000
0.516390000000000
0.592120000000000
0.533530000000000
0.342110000000000
0.0615700000000000
-0.226450000000000
-0.401010000000000
-0.388430000000000
-0.251330000000000
-0.155850000000000
-0.221820000000000
-0.419670000000000
-0.610750000000000
-0.672790000000000
-0.569030000000000
-0.331620000000000
-0.0213080000000000
0.292640000000000
0.534740000000000
0.645910000000000
0.635150000000000
0.605430000000000
0.682880000000000
0.880110000000000
1.04670000000000
1.01440000000000
0.791910000000000
0.557400000000000
0.455180000000000
0.463620000000000
0.457320000000000
0.332700000000000
0.0737510000000000
-0.248220000000000
-0.528010000000000
-0.701030000000000
-0.745410000000000
-0.645820000000000
-0.424300000000000
-0.206310000000000
-0.135590000000000
-0.213560000000000
-0.303740000000000
-0.302230000000000
-0.192010000000000
0.0392260000000000
0.391630000000000
0.767780000000000
1.03670000000000
1.17120000000000
1.19920000000000
1.08510000000000
0.824450000000000
0.566560000000000
0.438900000000000
0.332780000000000
0.0689320000000000
-0.305460000000000
-0.608920000000000
-0.821640000000000
-1.04930000000000
-1.24970000000000
-1.26700000000000
-1.11230000000000
-0.967300000000000
-0.906540000000000
-0.810260000000000
-0.578310000000000
-0.283120000000000
-0.0936640000000000
-0.116720000000000
-0.311590000000000
-0.503960000000000
-0.531590000000000
-0.411140000000000
-0.298980000000000
-0.279420000000000
-0.287170000000000
-0.238550000000000
-0.121720000000000
0.0587740000000000
0.298180000000000
0.530630000000000
0.665460000000000
0.715630000000000
0.763220000000000
0.790470000000000
0.676590000000000
0.395190000000000
0.0867030000000000
-0.106040000000000
-0.179560000000000
-0.215850000000000
-0.275580000000000
-0.366160000000000
-0.446530000000000
-0.436650000000000
-0.282370000000000
-0.0217210000000000
0.233100000000000
0.388610000000000
0.426100000000000
0.388360000000000
0.322770000000000
0.247780000000000
0.169300000000000
0.113870000000000
0.109460000000000
0.146460000000000
0.192180000000000
0.241500000000000
0.314030000000000
0.416580000000000
0.537990000000000
0.656330000000000
0.709770000000000
0.621690000000000
0.405270000000000
0.177110000000000
0.00821530000000000
-0.139960000000000
-0.289820000000000
-0.383860000000000
-0.416700000000000
-0.489380000000000
-0.647290000000000
-0.790080000000000
-0.842710000000000
-0.883650000000000
-0.957080000000000
-0.915080000000000
-0.619950000000000
-0.202820000000000
0.0866820000000000
0.170600000000000
0.134160000000000
0.0266200000000000
-0.127760000000000
-0.220260000000000
-0.158200000000000
-0.0279070000000000
0.0107280000000000
-0.0608880000000000
-0.157220000000000
-0.245510000000000
-0.322270000000000
-0.330030000000000
-0.239660000000000
-0.121640000000000
-0.0272900000000000
0.0904880000000000
0.256960000000000
0.396200000000000
0.453510000000000
0.482870000000000
0.554560000000000
0.661030000000000
0.754020000000000
0.794720000000000
0.758570000000000
0.654650000000000
0.534470000000000
0.433100000000000
0.342710000000000
0.279790000000000
0.297910000000000
0.393460000000000
0.487150000000000
0.532940000000000
0.542960000000000
0.499250000000000
0.355260000000000
0.135070000000000
-0.0799600000000000
-0.266320000000000
-0.452580000000000
-0.627700000000000
-0.758380000000000
-0.869770000000000
-0.985020000000000
-1.03280000000000
-0.927110000000000
-0.692920000000000
-0.427260000000000
-0.169810000000000
0.0899490000000000
0.345960000000000
0.566710000000000
0.736990000000000
0.814420000000000
0.726280000000000
0.449270000000000
0.0715770000000000
-0.274300000000000
-0.502590000000000
-0.610980000000000
-0.662560000000000
-0.720620000000000
-0.787950000000000
-0.818250000000000
-0.779550000000000
-0.654910000000000
-0.402810000000000
-0.0169630000000000
0.378480000000000
0.604450000000000
0.622430000000000
0.545290000000000
0.457030000000000
0.331560000000000
0.153050000000000
-0.0156400000000000
-0.126170000000000
-0.214950000000000
-0.324060000000000
-0.437760000000000
-0.520370000000000
-0.552850000000000
-0.516960000000000
-0.413820000000000
-0.296480000000000
-0.227560000000000
-0.202660000000000
-0.158730000000000
-0.0574320000000000
0.0811020000000000
0.219750000000000
0.344850000000000
0.454740000000000
0.542230000000000
0.588780000000000
0.578300000000000
0.519550000000000
0.453600000000000
0.416320000000000
0.401360000000000
0.384140000000000
0.367200000000000
0.364150000000000
0.344680000000000
0.249770000000000
0.0645560000000000
-0.155170000000000
-0.342210000000000
-0.456560000000000
-0.453200000000000
-0.274530000000000
0.0460000000000000
0.331810000000000
0.399050000000000
0.245600000000000
0.0336280000000000
-0.0881080000000000
-0.0956550000000000
-0.0293200000000000
0.0733570000000000
0.158210000000000
0.142730000000000
-0.0107880000000000
-0.235940000000000
-0.414510000000000
-0.479450000000000
-0.448680000000000
-0.357130000000000
-0.200140000000000
0.0336440000000000
0.286570000000000
0.447250000000000
0.455190000000000
0.355320000000000
0.224260000000000
0.0991130000000000
0.00153550000000000
-0.0337560000000000
0.00177300000000000
0.0587340000000000
0.0650700000000000
-0.0280560000000000
-0.224060000000000
-0.457190000000000
-0.594080000000000
-0.533970000000000
-0.320370000000000
-0.100580000000000
0.0279070000000000
0.0635390000000000
0.0262180000000000
-0.0686530000000000
-0.168450000000000
-0.206150000000000
-0.176850000000000
-0.137230000000000
-0.132210000000000
-0.155040000000000
-0.167440000000000
-0.126240000000000
-0.0144330000000000
0.131010000000000
0.247260000000000
0.313700000000000
0.350140000000000
0.357860000000000
0.328530000000000
0.308890000000000
0.368290000000000
0.486600000000000
0.553890000000000
0.507420000000000
0.388140000000000
0.248230000000000
0.0908490000000000
-0.0697820000000000
-0.188020000000000
-0.249620000000000
-0.277390000000000
-0.269060000000000
-0.224790000000000
-0.215230000000000
-0.301030000000000
-0.392410000000000
-0.335980000000000
-0.136040000000000
0.0585840000000000
0.177640000000000
0.264310000000000
0.310540000000000
0.255500000000000
0.142610000000000
0.0919720000000000
0.0986020000000000
0.0305880000000000
-0.165050000000000
-0.388200000000000
-0.531960000000000
-0.571640000000000
-0.528390000000000
-0.447960000000000
-0.404670000000000
-0.428570000000000
-0.451270000000000
-0.382920000000000
-0.213180000000000
0.00548310000000000
0.227740000000000
0.425220000000000
0.568200000000000
0.637100000000000
0.624540000000000
0.526120000000000
0.360480000000000
0.195750000000000
0.101560000000000
0.0807080000000000
0.0716820000000000
0.0194090000000000
-0.0804300000000000
-0.190130000000000
-0.260490000000000
-0.257080000000000
-0.182940000000000
-0.0785690000000000
0.0154190000000000
0.0945430000000000
0.182140000000000
0.283590000000000
0.358590000000000
0.350420000000000
0.257390000000000
0.155370000000000
0.124490000000000
0.157170000000000
0.165190000000000
0.0834050000000000
-0.0585480000000000
-0.176850000000000
-0.224290000000000
-0.212690000000000
-0.171660000000000
-0.119660000000000
-0.0785660000000000
-0.0746730000000000
-0.105980000000000
-0.134750000000000
-0.134370000000000
-0.115150000000000
-0.0833380000000000
-0.0157770000000000
0.0862860000000000
0.153140000000000
0.116600000000000
0.00688240000000000
-0.0726330000000000
-0.0607420000000000
0.0175890000000000
0.103040000000000
0.152000000000000
0.144570000000000
0.0846430000000000
-0.00161510000000000
-0.0847900000000000
-0.142540000000000
-0.149240000000000
-0.0887130000000000
0.00560280000000000
0.0650970000000000
0.0698300000000000
0.0736900000000000
0.121440000000000
0.177240000000000
0.161680000000000
0.0404900000000000
-0.133880000000000
-0.252460000000000
-0.229080000000000
-0.0776190000000000
0.0865460000000000
0.153480000000000
0.120580000000000
0.0588280000000000
0.0121640000000000
-0.0219290000000000
-0.0409300000000000
-0.0371310000000000
-0.0364330000000000
-0.0814910000000000
-0.166460000000000
-0.231600000000000
-0.229640000000000
-0.172900000000000
-0.114520000000000
-0.0974830000000000
-0.113860000000000
-0.106230000000000
-0.0330310000000000
0.0682770000000000
0.116870000000000
0.0916650000000000
0.0502980000000000
0.0407370000000000
0.0459840000000000
0.0348530000000000
0.0150760000000000
0.00928190000000000
0.0216240000000000
0.0507290000000000
0.0977500000000000
0.140610000000000
0.143980000000000
0.107330000000000
0.0636830000000000
0.0179290000000000
-0.0573770000000000
-0.156330000000000
-0.223370000000000
-0.224770000000000
-0.183130000000000
-0.130090000000000
-0.0667680000000000
0.0154620000000000
0.115410000000000
0.228440000000000
0.336910000000000
0.396430000000000
0.373980000000000
0.300560000000000
0.242830000000000
0.219790000000000
0.188660000000000
0.106450000000000
-0.0255040000000000
-0.180490000000000
-0.329150000000000
-0.443530000000000
-0.492580000000000
-0.462820000000000
-0.375490000000000
-0.274030000000000
-0.185940000000000
-0.110390000000000
-0.0354530000000000
0.0411520000000000
0.109890000000000
0.162020000000000
0.202430000000000
0.251450000000000
0.320790000000000
0.383520000000000
0.382880000000000
0.292340000000000
0.147500000000000
0.00987990000000000
-0.0826290000000000
-0.120840000000000
-0.116940000000000
-0.104400000000000
-0.118580000000000
-0.162030000000000
-0.205940000000000
-0.224140000000000
-0.206810000000000
-0.154360000000000
-0.0803870000000000
-0.00144010000000000
0.0866800000000000
0.188470000000000
0.260510000000000
0.245230000000000
0.160220000000000
0.0942120000000000
0.0949030000000000
0.116430000000000
0.0906480000000000
0.00402910000000000
-0.110440000000000
-0.216690000000000
-0.295300000000000
-0.341880000000000
-0.354070000000000
-0.310880000000000
-0.188130000000000
-0.000549520000000000
0.188870000000000
0.314430000000000
0.340080000000000
0.274890000000000
0.174910000000000
0.111720000000000
0.105860000000000
0.121930000000000
0.126670000000000
0.119600000000000
0.102080000000000
0.0703650000000000
0.0405910000000000
0.0381790000000000
0.0604090000000000
0.0895650000000000
0.133070000000000
0.198170000000000
0.240500000000000
0.195050000000000
0.0570950000000000
-0.118510000000000
-0.281510000000000
-0.408300000000000
-0.476950000000000
-0.472290000000000
-0.411410000000000
-0.339220000000000
-0.287000000000000
-0.247060000000000
-0.191210000000000
-0.112690000000000
-0.0412090000000000
-0.00732230000000000
0.00351010000000000
0.0375920000000000
0.104450000000000
0.143370000000000
0.0891900000000000
-0.0403170000000000
-0.153680000000000
-0.191960000000000
-0.184460000000000
-0.187130000000000
-0.202620000000000
-0.193990000000000
-0.150220000000000
-0.0918210000000000
-0.0231590000000000
0.0749530000000000
0.199220000000000
0.314700000000000
0.390530000000000
0.416980000000000
0.397360000000000
0.348350000000000
0.289500000000000
0.219360000000000
0.126220000000000
0.0246410000000000
-0.0548540000000000
-0.115330000000000
-0.191700000000000
-0.294970000000000
-0.394140000000000
-0.456850000000000
-0.462270000000000
-0.387430000000000
-0.233150000000000
-0.0615750000000000
0.0487730000000000
0.0775640000000000
0.0614850000000000
0.0358720000000000
0.0132480000000000
0.00345650000000000
0.0197650000000000
0.0614180000000000
0.108090000000000
0.138300000000000
0.146650000000000
0.143880000000000
0.140230000000000
0.134860000000000
0.124600000000000
0.118070000000000
0.124800000000000
0.138760000000000
0.145880000000000
0.141460000000000
0.127750000000000
0.111010000000000
0.111230000000000
0.152270000000000
0.227130000000000
0.294470000000000
0.318680000000000
0.296150000000000
0.241900000000000
0.178940000000000
0.136950000000000
0.132850000000000
0.147660000000000
0.144230000000000
0.104680000000000
0.0366170000000000
-0.0447390000000000
-0.121790000000000
-0.176630000000000
-0.208290000000000
-0.231440000000000
-0.248300000000000
-0.242810000000000
-0.213400000000000
-0.183780000000000
-0.171760000000000
-0.167630000000000
-0.153350000000000
-0.121400000000000
-0.0735650000000000
-0.0233940000000000
-0.00144130000000000
-0.0300290000000000
-0.0921540000000000
-0.145080000000000
-0.160970000000000
-0.136710000000000
-0.0825570000000000
-0.0248260000000000
-0.00386750000000000
-0.0352620000000000
-0.0847080000000000
-0.104110000000000
-0.0824240000000000
-0.0363230000000000
0.0203550000000000
0.0688480000000000
0.0683440000000000
-0.00350290000000000
-0.109290000000000
-0.183790000000000
-0.201960000000000
-0.180390000000000
-0.135680000000000
-0.0767650000000000
-0.0277080000000000
-0.0126230000000000
-0.0217810000000000
-0.0213000000000000
0.00282090000000000
0.0366340000000000
0.0656130000000000
0.0898510000000000
0.112600000000000
0.130760000000000
0.131540000000000
0.0994400000000000
0.0352970000000000
-0.0324690000000000
-0.0724970000000000
-0.0819150000000000
-0.0797000000000000
-0.0716320000000000
-0.0438400000000000
0.0109350000000000
0.0801290000000000
0.150340000000000
0.218010000000000
0.275510000000000
0.301220000000000
0.275140000000000
0.201220000000000
0.107050000000000
0.0191220000000000
-0.0526490000000000
-0.104520000000000
-0.131500000000000
-0.137850000000000
-0.135660000000000
-0.125860000000000
-0.0969620000000000
-0.0478680000000000
0.00727550000000000
0.0590320000000000
0.103570000000000
0.121210000000000
0.0886190000000000
0.0184920000000000
-0.0449800000000000
-0.0754090000000000
-0.0816130000000000
-0.0819910000000000
-0.0877890000000000
-0.103560000000000
-0.117960000000000
-0.104710000000000
-0.0542000000000000
0.00995470000000000
0.0628460000000000
0.106880000000000
0.153490000000000
0.198980000000000
0.228090000000000
0.222660000000000
0.166080000000000
0.0653550000000000
-0.0359150000000000
-0.0917980000000000
-0.0992380000000000
-0.0854150000000000
-0.0682870000000000
-0.0518660000000000
-0.0446490000000000
-0.0515870000000000
-0.0584080000000000
-0.0450010000000000
-0.0103340000000000
0.0281090000000000
0.0537020000000000
0.0603420000000000
0.0512710000000000
0.0351820000000000
0.0226190000000000
0.0239390000000000
0.0456630000000000
0.0798110000000000
0.102160000000000
0.0978650000000000
0.0846160000000000
0.0924900000000000
0.120930000000000
0.136930000000000
0.115830000000000
0.0688830000000000
0.0256530000000000
0.00277850000000000
-0.00894730000000000
-0.0291080000000000
-0.0619760000000000
-0.0889810000000000
-0.0946400000000000
-0.0872990000000000
-0.0823700000000000
-0.0748920000000000
-0.0504880000000000
-0.0135600000000000
0.0169230000000000
0.0361530000000000
0.0572610000000000
0.0875890000000000
0.119150000000000
0.142090000000000
0.153630000000000
0.149970000000000
0.120520000000000
0.0571270000000000
-0.0289360000000000
-0.104100000000000
-0.136570000000000
-0.128170000000000
-0.113130000000000
-0.124020000000000
-0.163920000000000
-0.212850000000000
-0.248950000000000
-0.262030000000000
-0.252140000000000
-0.222560000000000
-0.173660000000000
-0.107390000000000
-0.0371260000000000
0.0120840000000000
0.0213410000000000
-0.00532280000000000
-0.0404610000000000
-0.0504090000000000
-0.0212040000000000
0.0236720000000000
0.0404940000000000
0.0109710000000000
-0.0378240000000000
-0.0677740000000000
-0.0714800000000000
-0.0670620000000000
-0.0626640000000000
-0.0448780000000000
-0.000573860000000000
0.0616360000000000
0.117100000000000
0.144480000000000
0.139000000000000
0.109170000000000
0.0674220000000000
0.0268310000000000
0.00581600000000000
0.0203680000000000
0.0651620000000000
0.110760000000000
0.131070000000000
0.127040000000000
0.118770000000000
0.119220000000000
0.124780000000000
0.125820000000000
0.118860000000000
0.108310000000000
0.101380000000000
0.0997500000000000
0.0955260000000000
0.0788610000000000
0.0503730000000000
0.0206720000000000
-0.00151960000000000
-0.0143150000000000
-0.0153910000000000
0.000139260000000000
0.0302850000000000
0.0587490000000000
0.0639370000000000
0.0382490000000000
-0.00169360000000000
-0.0284710000000000
-0.0301030000000000
-0.0197290000000000
-0.0175850000000000
-0.0295620000000000
-0.0501960000000000
-0.0786490000000000
-0.115530000000000
-0.146980000000000
-0.149990000000000
-0.117930000000000
-0.0670460000000000
-0.0159100000000000
0.0288430000000000
0.0655160000000000
0.0885070000000000
0.0938080000000000
0.0842150000000000
0.0651920000000000
0.0396810000000000
0.0105540000000000
-0.0173560000000000
-0.0420240000000000
-0.0662730000000000
-0.0924750000000000
-0.115100000000000
-0.122630000000000
-0.108270000000000
-0.0761310000000000
-0.0333380000000000
0.0205880000000000
0.0826570000000000
0.129030000000000
0.126200000000000
0.0690200000000000
-0.00929400000000000
-0.0721530000000000
-0.110110000000000
-0.128670000000000
-0.126760000000000
-0.103620000000000
-0.0724930000000000
-0.0474970000000000
-0.0276240000000000
-0.00368620000000000
0.0285440000000000
0.0713460000000000
0.122990000000000
0.164850000000000
0.165340000000000
0.110190000000000
0.0195810000000000
-0.0712350000000000
-0.138270000000000
-0.175070000000000
-0.186720000000000
-0.182250000000000
-0.163720000000000
-0.126190000000000
-0.0722870000000000
-0.0185080000000000
0.0214060000000000
0.0485210000000000
0.0686090000000000
0.0802180000000000
0.0814850000000000
0.0761910000000000
0.0644520000000000
0.0384090000000000
-0.00468040000000000
-0.0527100000000000
-0.0865680000000000
-0.0925900000000000
-0.0716250000000000
-0.0394800000000000
-0.0139530000000000
0.00407350000000000
0.0295070000000000
0.0721610000000000
0.124120000000000
0.170540000000000
0.200510000000000
0.205760000000000
0.178950000000000
0.122060000000000
0.0485600000000000
-0.0229060000000000
-0.0776280000000000
-0.107970000000000
-0.115040000000000
-0.104000000000000
-0.0793830000000000
-0.0466820000000000
-0.0158530000000000
0.00637700000000000
0.0249250000000000
0.0491420000000000
0.0792940000000000
0.105450000000000
0.116730000000000
0.105640000000000
0.0692010000000000
0.0137630000000000
-0.0444650000000000
-0.0894050000000000
-0.114220000000000
-0.120100000000000
-0.114380000000000
-0.107490000000000
-0.103560000000000
-0.0955120000000000
-0.0764780000000000
-0.0510470000000000
-0.0265290000000000
-0.00116530000000000
0.0280180000000000
0.0518010000000000
0.0572640000000000
0.0447790000000000
0.0234310000000000
-0.00294440000000000
-0.0330310000000000
-0.0573020000000000
-0.0650330000000000
-0.0577130000000000
-0.0448940000000000
-0.0300450000000000
-0.00868960000000000
0.0230760000000000
0.0652440000000000
0.110910000000000
0.142930000000000
0.142300000000000
0.109120000000000
0.0652010000000000
0.0320940000000000
0.0129860000000000
0.00137580000000000
-0.00738740000000000
-0.0170950000000000
-0.0350840000000000
-0.0643970000000000
-0.0984930000000000
-0.123910000000000
-0.128170000000000
-0.105610000000000
-0.0642890000000000
-0.0236290000000000
-0.000668020000000000
0.000830720000000000
-0.0133140000000000
-0.0341440000000000
-0.0497600000000000
-0.0496890000000000
-0.0345240000000000
-0.0154120000000000
-0.000107550000000000
0.0126110000000000
0.0243920000000000
0.0304790000000000
0.0251430000000000
0.00825580000000000
-0.0120790000000000
-0.0236480000000000
-0.0197170000000000
-0.00719500000000000
0.000139970000000000
-0.00426160000000000
-0.0155310000000000
-0.0266570000000000
-0.0343350000000000
-0.0355160000000000
-0.0261850000000000
-0.00625080000000000
0.0206890000000000
0.0511720000000000
0.0799150000000000
0.0980000000000000
0.0990780000000000
0.0859330000000000
0.0681320000000000
0.0536270000000000
0.0412690000000000
0.0229460000000000
-0.00726570000000000
-0.0456110000000000
-0.0821440000000000
-0.107560000000000
-0.116220000000000
-0.105020000000000
-0.0781350000000000
-0.0494200000000000
-0.0333190000000000
-0.0314960000000000
-0.0351340000000000
-0.0352320000000000
-0.0264150000000000
-0.00541780000000000
0.0252310000000000
0.0565030000000000
0.0806230000000000
0.0969530000000000
0.108860000000000
0.118830000000000
0.126320000000000
0.127670000000000
0.117470000000000
0.0966070000000000
0.0747160000000000
0.0619910000000000
0.0558540000000000
0.0463090000000000
0.0279790000000000
0.00359230000000000
-0.0244600000000000
-0.0523850000000000
-0.0689230000000000
-0.0601790000000000
-0.0271170000000000
0.0119260000000000
0.0386110000000000
0.0492640000000000
0.0487340000000000
0.0390150000000000
0.0203140000000000
-0.00227090000000000
-0.0224440000000000
-0.0402170000000000
-0.0598420000000000
-0.0822580000000000
-0.103700000000000
-0.118550000000000
-0.122630000000000
-0.115440000000000
-0.100320000000000
-0.0786380000000000
-0.0460340000000000
0.00138920000000000
0.0545030000000000
0.0928780000000000
0.100310000000000
0.0790040000000000
0.0460680000000000
0.0220000000000000
0.0194860000000000
0.0385230000000000
0.0655500000000000
0.0815160000000000
0.0750730000000000
0.0489570000000000
0.0138360000000000
-0.0196610000000000
-0.0409250000000000
-0.0420950000000000
-0.0254530000000000
-0.00561460000000000
0.00407110000000000
0.00111250000000000
-0.0101510000000000
-0.0269320000000000
-0.0433500000000000
-0.0482860000000000
-0.0358280000000000
-0.0153960000000000
-0.00107820000000000
0.00293780000000000
0.00216410000000000
0.00154670000000000
0.00468690000000000
0.0157000000000000
0.0354560000000000
0.0563810000000000
0.0689040000000000
0.0699600000000000
0.0628740000000000
0.0503600000000000
0.0333950000000000
0.0131370000000000
-0.00862180000000000
-0.0300570000000000
-0.0469400000000000
-0.0533180000000000
-0.0465140000000000
-0.0299570000000000
-0.00906380000000000
0.0117360000000000
0.0275570000000000
0.0342340000000000
0.0328660000000000
0.0276190000000000
0.0178610000000000
-0.00239400000000000
-0.0349710000000000
-0.0735220000000000
-0.109560000000000
-0.136600000000000
-0.146850000000000
-0.134580000000000
-0.106660000000000
-0.0816360000000000
-0.0718930000000000
-0.0728380000000000
-0.0722950000000000
-0.0659820000000000
-0.0582040000000000
-0.0514940000000000
-0.0417520000000000
-0.0248110000000000
-0.00432720000000000
0.0114360000000000
0.0195080000000000
0.0263660000000000
0.0380980000000000
0.0523730000000000
0.0624350000000000
0.0677270000000000
0.0728070000000000
0.0798780000000000
0.0859820000000000
0.0895760000000000
0.0929150000000000
0.0989680000000000
0.107410000000000
0.116660000000000
0.125070000000000
0.129030000000000
0.122410000000000
0.103440000000000
0.0802350000000000
0.0642020000000000
0.0561800000000000
0.0456950000000000
0.0253870000000000
0.00103090000000000
-0.0180850000000000
-0.0295820000000000
-0.0368290000000000
-0.0398450000000000
-0.0357310000000000
-0.0231240000000000
-0.00620700000000000
0.00905130000000000
0.0192440000000000
0.0256130000000000
0.0297840000000000
0.0307680000000000
0.0269870000000000
0.0204460000000000
0.0130200000000000
0.00202710000000000
-0.0162540000000000
-0.0394040000000000
-0.0616240000000000
-0.0797540000000000
-0.0928070000000000
-0.0962050000000000
-0.0840550000000000
-0.0553580000000000
-0.0176230000000000
0.0176800000000000
0.0406800000000000
0.0500400000000000
0.0518440000000000
0.0510740000000000
0.0440820000000000
0.0241410000000000
-0.00840010000000000
-0.0441240000000000
-0.0720410000000000
-0.0874260000000000
-0.0934220000000000
-0.0963010000000000
-0.0984160000000000
-0.0967340000000000
-0.0894110000000000
-0.0797530000000000
-0.0710550000000000
-0.0614630000000000
-0.0484710000000000
-0.0324840000000000
-0.0139380000000000
0.00728780000000000
0.0252210000000000
0.0299220000000000
0.0201100000000000
0.00619700000000000
-0.00235770000000000
-0.00374320000000000
0.00325760000000000
0.0203200000000000
0.0412470000000000
0.0537810000000000
0.0529450000000000
0.0436430000000000
0.0323160000000000
0.0253120000000000
0.0307910000000000
0.0490780000000000
0.0655130000000000
0.0650540000000000
0.0497200000000000
0.0312330000000000
0.0157090000000000
0.00599670000000000
0.00652220000000000
0.0123050000000000
0.00552940000000000
-0.0231090000000000
-0.0592840000000000
-0.0822160000000000
-0.0865970000000000
-0.0786910000000000
-0.0629650000000000
-0.0433840000000000
-0.0270870000000000
-0.0174570000000000
-0.0100170000000000
-0.00237370000000000
0.00132570000000000
-0.00100480000000000
-0.00506020000000000
-0.00979360000000000
-0.0198210000000000
-0.0356540000000000
-0.0500870000000000
-0.0577760000000000
-0.0594100000000000
-0.0542590000000000
-0.0375740000000000
-0.00865760000000000
0.0252820000000000
0.0556960000000000
0.0766780000000000
0.0825010000000000
0.0708700000000000
0.0497430000000000
0.0326620000000000
0.0230460000000000
0.0112130000000000
-0.0104340000000000
-0.0346740000000000
-0.0464620000000000
-0.0383800000000000
-0.0147580000000000
0.0172290000000000
0.0546900000000000
0.0946090000000000
0.127680000000000
0.142680000000000
0.137400000000000
0.120340000000000
0.0996940000000000
0.0758630000000000
0.0467960000000000
0.0156500000000000
-0.0125590000000000
-0.0377740000000000
-0.0614630000000000
-0.0796050000000000
-0.0849040000000000
-0.0766250000000000
-0.0602110000000000
-0.0400970000000000
-0.0178210000000000
0.00236790000000000
0.0154170000000000
0.0218650000000000
0.0252240000000000
0.0241610000000000
0.0151130000000000
0.00165100000000000
-0.00888000000000000
-0.0164320000000000
-0.0271080000000000
-0.0416530000000000
-0.0545590000000000
-0.0631710000000000
-0.0693730000000000
-0.0737950000000000
-0.0749620000000000
-0.0721950000000000
-0.0642180000000000
-0.0481940000000000
-0.0248010000000000
-0.000987280000000000
0.0150860000000000
0.0204240000000000
0.0181350000000000
0.0149990000000000
0.0172100000000000
0.0254430000000000
0.0338890000000000
0.0359420000000000
0.0304570000000000
0.0214040000000000
0.0152120000000000
0.0181280000000000
0.0332850000000000
0.0578580000000000
0.0858460000000000
0.110320000000000
0.123800000000000
0.119530000000000
0.0975210000000000
0.0661640000000000
0.0364810000000000
0.0150110000000000
0.00195990000000000
-0.00645550000000000
-0.0136070000000000
-0.0181780000000000
-0.0146710000000000
-0.00121840000000000
0.0158810000000000
0.0282180000000000
0.0355200000000000
0.0428390000000000
0.0503850000000000
0.0516430000000000
0.0430730000000000
0.0269380000000000
0.00389890000000000
-0.0288870000000000
-0.0680940000000000
-0.101740000000000
-0.121180000000000
-0.127030000000000
-0.120050000000000
-0.0982620000000000
-0.0678530000000000
-0.0425450000000000
-0.0269020000000000
-0.0123020000000000
0.00566670000000000
0.0206930000000000
0.0274340000000000
0.0265620000000000
0.0150400000000000
-0.00987030000000000
-0.0384080000000000
-0.0555640000000000
-0.0614200000000000
-0.0670280000000000
-0.0736820000000000
-0.0715560000000000
-0.0556550000000000
-0.0301290000000000
9.04970000000000e-05
0.0288890000000000
0.0465370000000000
0.0472920000000000
0.0375540000000000
0.0281360000000000
0.0253260000000000
0.0306700000000000
0.0427740000000000
0.0542210000000000
0.0554040000000000
0.0443330000000000
0.0275450000000000
0.0109960000000000
-0.00424030000000000
-0.0181920000000000
-0.0299970000000000
-0.0393990000000000
-0.0476930000000000
-0.0558550000000000
-0.0618130000000000
-0.0602410000000000
-0.0474710000000000
-0.0272830000000000
-0.00928960000000000
0.00199890000000000
0.0116960000000000
0.0251700000000000
0.0395610000000000
0.0496490000000000
0.0548000000000000
0.0556560000000000
0.0492290000000000
0.0331720000000000
0.0126170000000000
-0.00224910000000000
-0.00581970000000000
-0.00199740000000000
0.000731520000000000
-0.00231390000000000
-0.00855540000000000
-0.0129730000000000
-0.0157440000000000
-0.0227470000000000
-0.0373530000000000
-0.0555660000000000
-0.0697280000000000
-0.0740660000000000
-0.0663540000000000
-0.0492650000000000
-0.0300160000000000
-0.0145240000000000
-0.00174870000000000
0.0129610000000000
0.0295200000000000
0.0430850000000000
0.0503710000000000
0.0515530000000000
0.0460570000000000
0.0332710000000000
0.0157490000000000
-0.00131620000000000
-0.0143560000000000
-0.0190820000000000
-0.0101080000000000
0.0125250000000000
0.0367120000000000
0.0482870000000000
0.0447630000000000
0.0351020000000000
0.0257370000000000
0.0144270000000000
-0.00254070000000000
-0.0229210000000000
-0.0421970000000000
-0.0606320000000000
-0.0811650000000000
-0.100400000000000
-0.107620000000000
-0.0951970000000000
-0.0667190000000000
-0.0314160000000000
0.00550000000000000
0.0425150000000000
0.0763880000000000
0.103700000000000
0.124300000000000
0.137400000000000
0.137740000000000
0.121650000000000
0.0924560000000000
0.0563720000000000
0.0178760000000000
-0.0161040000000000
-0.0374460000000000
-0.0473160000000000
-0.0572220000000000
-0.0727560000000000
-0.0858010000000000
-0.0865520000000000
-0.0744010000000000
-0.0524920000000000
-0.0223760000000000
0.0115610000000000
0.0412010000000000
0.0621070000000000
0.0744530000000000
0.0763020000000000
0.0662420000000000
0.0507330000000000
0.0399640000000000
0.0350610000000000
0.0299310000000000
0.0216160000000000
0.0109960000000000
-0.00529670000000000
-0.0299410000000000
-0.0547620000000000
-0.0647650000000000
-0.0531480000000000
-0.0251590000000000
0.00947950000000000
0.0407720000000000
0.0595850000000000
0.0624350000000000
0.0553890000000000
0.0466500000000000
0.0390120000000000
0.0310020000000000
0.0213290000000000
0.00679570000000000
-0.0168430000000000
-0.0467220000000000
-0.0712530000000000
-0.0817270000000000
-0.0806930000000000
-0.0735460000000000
-0.0586600000000000
-0.0316710000000000
0.00414410000000000
0.0380380000000000
0.0593570000000000
0.0628780000000000
0.0503460000000000
0.0291100000000000
0.00678630000000000
-0.0131740000000000
-0.0303810000000000
-0.0450850000000000
-0.0584080000000000
-0.0733620000000000
-0.0896430000000000
-0.0999340000000000
-0.0952080000000000
-0.0741180000000000
-0.0427290000000000
-0.00884830000000000
0.0206790000000000
0.0397800000000000
0.0453490000000000
0.0400150000000000
0.0305220000000000
0.0231880000000000
0.0204280000000000
0.0203350000000000
0.0177490000000000
0.00870820000000000
-0.00516100000000000
-0.0166950000000000
-0.0204450000000000
-0.0182680000000000
-0.0164240000000000
-0.0182910000000000
-0.0238590000000000
-0.0333000000000000
-0.0454600000000000
-0.0532230000000000
-0.0471180000000000
-0.0261590000000000
-0.000809230000000000
0.0172270000000000
0.0256270000000000
0.0300170000000000
0.0370300000000000
0.0493030000000000
0.0643390000000000
0.0750580000000000
0.0752480000000000
0.0640400000000000
0.0454760000000000
0.0244600000000000
0.00600090000000000
-0.00465030000000000
-0.00475910000000000
0.00305420000000000
0.0118570000000000
0.0155400000000000
0.0122170000000000
0.00497810000000000
-0.00241230000000000
-0.00970440000000000
-0.0192660000000000
-0.0296260000000000
-0.0346100000000000
-0.0315830000000000
-0.0256220000000000
-0.0233760000000000
-0.0245530000000000
-0.0230450000000000
-0.0122690000000000
0.00934180000000000
0.0370040000000000
0.0601420000000000
0.0695520000000000
0.0632010000000000
0.0464650000000000
0.0254080000000000
0.00529340000000000
-0.00993430000000000
-0.0186900000000000
-0.0240620000000000
-0.0302540000000000
-0.0385490000000000
-0.0471520000000000
-0.0540890000000000
-0.0583900000000000
-0.0606410000000000
-0.0626110000000000
-0.0643430000000000
-0.0622410000000000
-0.0540690000000000
-0.0445050000000000
-0.0416020000000000
-0.0464720000000000
-0.0522970000000000
-0.0542360000000000
-0.0529520000000000
-0.0467350000000000
-0.0303690000000000
-0.00629550000000000
0.0138540000000000
0.0239440000000000
0.0305280000000000
0.0392500000000000
0.0451630000000000
0.0432420000000000
0.0389330000000000
0.0394550000000000
0.0430290000000000
0.0442680000000000
0.0417370000000000
0.0350910000000000
0.0236350000000000
0.0120780000000000
0.00778240000000000
0.0108710000000000
0.0159020000000000
0.0215530000000000
0.0279340000000000
0.0281400000000000
0.0150690000000000
-0.00485460000000000
-0.0175000000000000
-0.0180430000000000
-0.0134200000000000
-0.0100820000000000
-0.00925040000000000
-0.00936620000000000
-0.00644890000000000
0.00317330000000000
0.0152620000000000
0.0201400000000000
0.0159740000000000
0.0105930000000000
0.00916510000000000
0.00933770000000000
0.00990530000000000
0.0124080000000000
0.0136510000000000
0.00695640000000000
-0.00593850000000000
-0.0148670000000000
-0.0133960000000000
-0.00394730000000000
0.00978440000000000
0.0251630000000000
0.0371550000000000
0.0397450000000000
0.0331710000000000
0.0236840000000000
0.0169580000000000
0.0141850000000000
0.0128270000000000
0.00828310000000000
-0.00331640000000000
-0.0197200000000000
-0.0325090000000000
-0.0338400000000000
-0.0223740000000000
-0.00269190000000000
0.0179230000000000
0.0319630000000000
0.0357240000000000
0.0309740000000000
0.0236190000000000
0.0188580000000000
0.0195700000000000
0.0254580000000000
0.0333610000000000
0.0380540000000000
0.0375010000000000
0.0347350000000000
0.0343830000000000
0.0385210000000000
0.0468760000000000
0.0561610000000000
0.0598900000000000
0.0517890000000000
0.0314430000000000
0.00520450000000000
-0.0184390000000000
-0.0348560000000000
-0.0449370000000000
-0.0531380000000000
-0.0617920000000000
-0.0660390000000000
-0.0584810000000000
-0.0409630000000000
-0.0241270000000000
-0.0117980000000000
0.00423950000000000
0.0282520000000000
0.0502630000000000
0.0599610000000000
0.0617660000000000
0.0635020000000000
0.0605320000000000
0.0431290000000000
0.0147450000000000
-0.0121410000000000
-0.0322600000000000
-0.0483340000000000
-0.0591280000000000
-0.0595360000000000
-0.0496350000000000
-0.0354970000000000
-0.0212320000000000
-0.00724970000000000
0.00781580000000000
0.0248230000000000
0.0423920000000000
0.0538060000000000
0.0522550000000000
0.0390520000000000
0.0233240000000000
0.0108040000000000
-0.00102820000000000
-0.0155590000000000
-0.0291710000000000
-0.0350690000000000
-0.0310930000000000
-0.0207330000000000
-0.00736400000000000
0.00868150000000000
0.0256860000000000
0.0369330000000000
0.0367650000000000
0.0282740000000000
0.0189590000000000
0.0101160000000000
-0.00181320000000000
-0.0156180000000000
-0.0245670000000000
-0.0259840000000000
-0.0238460000000000
-0.0207830000000000
-0.0151920000000000
-0.00683110000000000
-0.000174690000000000
0.00159630000000000
-0.000667680000000000
-0.00506660000000000
-0.0111450000000000
-0.0170890000000000
-0.0197500000000000
-0.0188640000000000
-0.0178200000000000
-0.0186770000000000
-0.0194490000000000
-0.0183130000000000
-0.0174770000000000
-0.0201350000000000
-0.0243960000000000
-0.0235550000000000
-0.0137000000000000
0.00169310000000000
0.0145850000000000
0.0182800000000000
0.0105150000000000
-0.00454590000000000
-0.0187590000000000
-0.0252910000000000
-0.0247930000000000
-0.0226670000000000
-0.0226090000000000
-0.0225740000000000
-0.0211940000000000
-0.0209350000000000
-0.0249600000000000
-0.0324440000000000
-0.0419610000000000
-0.0538680000000000
-0.0675420000000000
-0.0773810000000000
-0.0771450000000000
-0.0663310000000000
-0.0499910000000000
-0.0313290000000000
-0.0110100000000000
0.00927680000000000
0.0251450000000000
0.0331940000000000
0.0321100000000000
0.0233290000000000
0.0106010000000000
-0.00100170000000000
-0.00877170000000000
-0.0124910000000000
-0.0113850000000000
-0.00411220000000000
0.00581020000000000
0.0103330000000000
0.00691280000000000
0.00395740000000000
0.0107490000000000
0.0250820000000000
0.0354420000000000
0.0340140000000000
0.0224020000000000
0.00733210000000000
-0.00619340000000000
-0.0159340000000000
-0.0203560000000000
-0.0183740000000000
-0.0119700000000000
-0.00632740000000000
-0.00477490000000000
-0.00536640000000000
-0.00549660000000000
-0.00657350000000000
-0.0100040000000000
-0.0110550000000000
-0.00429570000000000
0.00911950000000000
0.0229610000000000
0.0341780000000000
0.0421840000000000
0.0459510000000000
0.0457610000000000
0.0460420000000000
0.0492310000000000
0.0515340000000000
0.0485620000000000
0.0403630000000000
0.0285290000000000
0.0134110000000000
-0.00234590000000000
-0.0143270000000000
-0.0218120000000000
-0.0283430000000000
-0.0342170000000000
-0.0340270000000000
-0.0237260000000000
-0.00661270000000000
0.0105960000000000
0.0253670000000000
0.0391980000000000
0.0508420000000000
0.0543740000000000
0.0472900000000000
0.0357550000000000
0.0268270000000000
0.0194700000000000
0.00863890000000000
-0.00569980000000000
-0.0206240000000000
-0.0355340000000000
-0.0490790000000000
-0.0552210000000000
-0.0486350000000000
-0.0310050000000000
-0.00869900000000000
0.0107420000000000
0.0206270000000000
0.0199010000000000
0.0159250000000000
0.0148410000000000
0.0134440000000000
0.00717680000000000
-0.00140210000000000
-0.0100190000000000
-0.0219790000000000
-0.0358720000000000
-0.0414230000000000
-0.0346600000000000
-0.0246420000000000
-0.0175790000000000
-0.00663980000000000
0.0137430000000000
0.0359180000000000
0.0490160000000000
0.0511650000000000
0.0460090000000000
0.0350160000000000
0.0184620000000000
-0.00248970000000000
-0.0251070000000000
-0.0440320000000000
-0.0529340000000000
-0.0513900000000000
-0.0446390000000000
-0.0359560000000000
-0.0234630000000000
-0.00722790000000000
0.00686900000000000
0.0132460000000000
0.0130900000000000
0.0112010000000000
0.00867050000000000
0.00326980000000000
-0.00569350000000000
-0.0146540000000000
-0.0205060000000000
-0.0230620000000000
-0.0225240000000000
-0.0155140000000000
-8.07950000000000e-05
0.0189320000000000
0.0341190000000000
0.0438690000000000
0.0503640000000000
0.0521070000000000
0.0462230000000000
0.0354610000000000
0.0259900000000000
0.0189170000000000
0.0120420000000000
0.00621720000000000
0.00345470000000000
0.000236040000000000
-0.00916720000000000
-0.0246040000000000
-0.0402630000000000
-0.0520520000000000
-0.0598890000000000
-0.0641520000000000
-0.0651710000000000
-0.0653810000000000
-0.0672380000000000
-0.0692980000000000
-0.0666560000000000
-0.0547070000000000
-0.0322710000000000
-0.00348240000000000
0.0245000000000000
0.0474320000000000
0.0664400000000000
0.0832950000000000
0.0959760000000000
0.100910000000000
0.0971190000000000
0.0856430000000000
0.0679440000000000
0.0481990000000000
0.0332080000000000
0.0246520000000000
0.0158640000000000
-8.29670000000000e-05
-0.0209920000000000
-0.0384360000000000
-0.0462540000000000
-0.0452750000000000
-0.0399590000000000
-0.0333160000000000
-0.0242360000000000
-0.0111810000000000
0.00304340000000000
0.0124520000000000
0.0156430000000000
0.0178210000000000
0.0235180000000000
0.0310150000000000
0.0364330000000000
0.0376160000000000
0.0320020000000000
0.0168370000000000
-0.00490960000000000
-0.0243420000000000
-0.0349770000000000
-0.0372650000000000
-0.0331330000000000
-0.0238940000000000
-0.0140200000000000
-0.0101310000000000
-0.0124230000000000
-0.0137920000000000
-0.00914660000000000
-0.000772160000000000
0.00575740000000000
0.00678730000000000
-0.000200260000000000
-0.0161210000000000
-0.0378620000000000
-0.0579990000000000
-0.0694860000000000
-0.0692090000000000
-0.0586920000000000
-0.0426390000000000
-0.0259350000000000
-0.0105720000000000
0.00391210000000000
0.0178130000000000
0.0305140000000000
0.0418200000000000
0.0510700000000000
0.0544490000000000
0.0453710000000000
0.0214900000000000
-0.0100360000000000
-0.0367630000000000
-0.0519890000000000
-0.0579420000000000
-0.0585390000000000
-0.0532210000000000
-0.0418210000000000
-0.0291980000000000
-0.0197360000000000
-0.0115170000000000
-0.00117320000000000
0.00994010000000000
0.0191880000000000
0.0276290000000000
0.0364290000000000
0.0426060000000000
0.0434860000000000
0.0421950000000000
0.0423510000000000
0.0420360000000000
0.0383590000000000
0.0340240000000000
0.0327500000000000
0.0318870000000000
0.0257790000000000
0.0146140000000000
0.00426720000000000
-0.00206170000000000
-0.00571440000000000
-0.00611400000000000
0.000360980000000000
0.0132900000000000
0.0244080000000000
0.0250030000000000
0.0144720000000000
-0.000747940000000000
-0.0145570000000000
-0.0251840000000000
-0.0330740000000000
-0.0389970000000000
-0.0431640000000000
-0.0462780000000000
-0.0485780000000000
-0.0491800000000000
-0.0445700000000000
-0.0298110000000000
-0.00368380000000000
0.0265110000000000
0.0496660000000000
0.0614990000000000
0.0659970000000000
0.0669680000000000
0.0633280000000000
0.0552230000000000
0.0474790000000000
0.0429390000000000
0.0379750000000000
0.0290670000000000
0.0194550000000000
0.0138070000000000
0.0119690000000000
0.0116480000000000
0.0137280000000000
0.0187530000000000
0.0236090000000000
0.0251250000000000
0.0243410000000000
0.0226330000000000
0.0192860000000000
0.0136440000000000
0.00802300000000000
0.00308430000000000
-0.00388950000000000
-0.0147620000000000
-0.0253610000000000
-0.0303930000000000
-0.0289680000000000
-0.0235740000000000
-0.0158300000000000
-0.00752990000000000
-0.00299020000000000
-0.00572390000000000
-0.0125320000000000
-0.0164930000000000
-0.0165450000000000
-0.0198660000000000
-0.0318860000000000
-0.0491180000000000
-0.0634720000000000
-0.0713910000000000
-0.0733710000000000
-0.0692290000000000
-0.0586140000000000
-0.0449380000000000
-0.0317730000000000
-0.0183440000000000
-0.00248500000000000
0.0136590000000000
0.0261000000000000
0.0341590000000000
0.0395650000000000
0.0413520000000000
0.0369580000000000
0.0274440000000000
0.0170940000000000
0.00853150000000000
0.00181400000000000
-0.00233380000000000
-0.00284460000000000
5.61010000000000e-05
0.00504150000000000
0.0117020000000000
0.0196800000000000
0.0264120000000000
0.0276990000000000
0.0229200000000000
0.0157060000000000
0.00948480000000000
0.00338320000000000
-0.00492040000000000
-0.0158440000000000
-0.0264600000000000
-0.0342320000000000
-0.0383950000000000
-0.0389660000000000
-0.0357970000000000
-0.0305050000000000
-0.0260570000000000
-0.0242820000000000
-0.0236660000000000
-0.0210170000000000
-0.0153110000000000
-0.00844470000000000
-0.00248510000000000
0.000793450000000000
-0.000991730000000000
-0.00792490000000000
-0.0146740000000000
-0.0149560000000000
-0.00910820000000000
-0.00215430000000000
0.00340540000000000
0.00909280000000000
0.0152900000000000
0.0214510000000000
0.0278770000000000
0.0347580000000000
0.0397090000000000
0.0412660000000000
0.0413730000000000
0.0413580000000000
0.0390690000000000
0.0337720000000000
0.0283800000000000
0.0239680000000000
0.0185530000000000
0.0126870000000000
0.00997840000000000
0.0106340000000000
0.0102870000000000
0.00637360000000000
0.00111980000000000
-0.00314560000000000
-0.00603000000000000
-0.00701690000000000
-0.00570940000000000
-0.00420040000000000
-0.00379500000000000
-0.00353840000000000
-0.00302870000000000
-0.00512270000000000
-0.0101600000000000
-0.0143920000000000
-0.0151020000000000
-0.0149420000000000
-0.0155470000000000
-0.0141610000000000
-0.00930810000000000
-0.00573690000000000
-0.00778360000000000
-0.0128580000000000
-0.0154780000000000
-0.0152550000000000
-0.0146370000000000
-0.0129530000000000
-0.00665870000000000
0.00348420000000000
0.0118740000000000
0.0141810000000000
0.0133730000000000
0.0147840000000000
0.0194750000000000
0.0241000000000000
0.0269130000000000
0.0287190000000000
0.0301180000000000
0.0306760000000000
0.0308900000000000
0.0305120000000000
0.0260030000000000
0.0148710000000000
0.00136360000000000
-0.00819150000000000
-0.0131520000000000
-0.0166660000000000
-0.0193390000000000
-0.0197490000000000
-0.0183750000000000
-0.0161940000000000
-0.0120440000000000
-0.00569020000000000
-0.000862060000000000
0.000904500000000000
0.00382720000000000
0.0105570000000000
0.0162030000000000
0.0162150000000000
0.0127030000000000
0.00887230000000000
0.00276230000000000
-0.00656570000000000
-0.0135630000000000
-0.0137000000000000
-0.0118570000000000
-0.0146170000000000
-0.0202760000000000
-0.0235220000000000
-0.0257450000000000
-0.0304580000000000
-0.0358170000000000
-0.0375500000000000
-0.0372120000000000
-0.0376670000000000
-0.0377090000000000
-0.0348340000000000
-0.0300310000000000
-0.0238590000000000
-0.0137420000000000
0.000277860000000000
0.0135320000000000
0.0233500000000000
0.0322350000000000
0.0408560000000000
0.0454410000000000
0.0447430000000000
0.0431400000000000
0.0439860000000000
0.0442640000000000
0.0393890000000000
0.0300420000000000
0.0216200000000000
0.0176310000000000
0.0159880000000000
0.0125890000000000
0.00733420000000000
0.00357820000000000
0.00314080000000000
0.00466360000000000
0.00746150000000000
0.0116910000000000
0.0156440000000000
0.0155220000000000
0.0100240000000000
0.000883840000000000
-0.00937150000000000
-0.0188830000000000
-0.0266450000000000
-0.0341700000000000
-0.0439880000000000
-0.0554270000000000
-0.0643110000000000
-0.0680020000000000
-0.0680980000000000
-0.0652440000000000
-0.0561580000000000
-0.0389480000000000
-0.0192900000000000
-0.00519870000000000
0.00216620000000000
0.00936050000000000