-0.00315820000000000
-0.00853170000000000
-0.0121600000000000
-0.0113630000000000
-0.0107590000000000
-0.0132530000000000
-0.0155010000000000
-0.00938480000000000
0.00698280000000000
0.0257250000000000
0.0350550000000000
0.0291390000000000
0.0143780000000000
0.00605860000000000
0.0107710000000000
0.0178030000000000
0.0140250000000000
0.000555670000000000
-0.0118800000000000
-0.0167520000000000
-0.0123270000000000
-0.000949340000000000
0.00823730000000000
0.00918410000000000
0.0134780000000000
0.0343200000000000
0.0573920000000000
0.0554040000000000
0.0304100000000000
0.0117530000000000
0.0111730000000000
0.0136430000000000
0.0114300000000000
0.0131460000000000
0.0167170000000000
0.00788780000000000
-0.00938370000000000
-0.0128310000000000
0.00316350000000000
0.0190810000000000
0.0197710000000000
0.00757450000000000
-0.00978310000000000
-0.0257330000000000
-0.0330600000000000
-0.0306310000000000
-0.0268650000000000
-0.0286830000000000
-0.0317390000000000
-0.0270120000000000
-0.0127960000000000
0.00603000000000000
0.0239830000000000
0.0366040000000000
0.0388220000000000
0.0306120000000000
0.0196910000000000
0.0142970000000000
0.0144330000000000
0.0129980000000000
0.00583790000000000
-0.00466340000000000
-0.0175460000000000
-0.0376180000000000
-0.0627270000000000
-0.0758320000000000
-0.0656190000000000
-0.0422770000000000
-0.0255270000000000
-0.0216870000000000
-0.0244460000000000
-0.0260470000000000
-0.0240900000000000
-0.0215910000000000
-0.0237350000000000
-0.0275740000000000
-0.0203760000000000
0.00136410000000000
0.0194050000000000
0.0187040000000000
0.0107040000000000
0.0146950000000000
0.0249670000000000
0.0230680000000000
0.00840190000000000
-0.00172710000000000
-0.000206230000000000
0.00420450000000000
0.00276200000000000
-0.00403970000000000
-0.0131490000000000
-0.0203930000000000
-0.0177450000000000
0.00145130000000000
0.0302380000000000
0.0491350000000000
0.0449160000000000
0.0245510000000000
0.00425150000000000
-0.00938120000000000
-0.0187150000000000
-0.0214080000000000
-0.0134250000000000
-0.00127410000000000
0.00460270000000000
0.00764850000000000
0.0168990000000000
0.0275470000000000
0.0289650000000000
0.0251810000000000
0.0262640000000000
0.0289220000000000
0.0269170000000000
0.0265130000000000
0.0283320000000000
0.0121240000000000
-0.0310690000000000
-0.0733940000000000
-0.0859690000000000
-0.0781590000000000
-0.0687110000000000
-0.0484770000000000
-0.00717090000000000
0.0354180000000000
0.0613270000000000
0.0857100000000000
0.114840000000000
0.115840000000000
0.0654840000000000
-0.00284260000000000
-0.0453910000000000
-0.0654240000000000
-0.0875130000000000
-0.107890000000000
-0.108090000000000
-0.0917330000000000
-0.0730070000000000
-0.0500830000000000
-0.0168140000000000
0.0185850000000000
0.0420290000000000
0.0479920000000000
0.0347360000000000
0.00482450000000000
-0.0281270000000000
-0.0442760000000000
-0.0349930000000000
-0.00873600000000000
0.0168820000000000
0.0263610000000000
0.0160420000000000
-0.00393440000000000
-0.0247720000000000
-0.0535260000000000
-0.0969880000000000
-0.137100000000000
-0.138530000000000
-0.0902530000000000
-0.0221980000000000
0.0224530000000000
0.0298300000000000
0.0168730000000000
0.00650780000000000
0.00742550000000000
0.0167220000000000
0.0272280000000000
0.0325140000000000
0.0305270000000000
0.0282110000000000
0.0370670000000000
0.0576490000000000
0.0751140000000000
0.0780270000000000
0.0732560000000000
0.0732600000000000
0.0774860000000000
0.0765150000000000
0.0683080000000000
0.0606960000000000
0.0578670000000000
0.0547040000000000
0.0418300000000000
0.0132510000000000
-0.0272780000000000
-0.0554260000000000
-0.0393930000000000
0.0238810000000000
0.0928050000000000
0.117930000000000
0.0878080000000000
0.0290120000000000
-0.0268610000000000
-0.0585350000000000
-0.0518710000000000
-0.0117790000000000
0.0273740000000000
0.0296110000000000
-0.00296040000000000
-0.0368010000000000
-0.0552180000000000
-0.0732450000000000
-0.0992380000000000
-0.107150000000000
-0.0731840000000000
-0.0167460000000000
0.0194270000000000
0.0260040000000000
0.0306110000000000
0.0450750000000000
0.0427230000000000
0.00372240000000000
-0.0468200000000000
-0.0726170000000000
-0.0717450000000000
-0.0641650000000000
-0.0505620000000000
-0.0178870000000000
0.0293540000000000
0.0674940000000000
0.0784270000000000
0.0595270000000000
0.0160000000000000
-0.0413190000000000
-0.0929000000000000
-0.114570000000000
-0.0906310000000000
-0.0268290000000000
0.0467430000000000
0.101060000000000
0.137420000000000
0.166630000000000
0.164330000000000
0.0937590000000000
-0.0204940000000000
-0.0984610000000000
-0.0992580000000000
-0.0616490000000000
-0.0317190000000000
-0.00976080000000000
0.0148740000000000
0.0252350000000000
0.00629310000000000
-0.0256660000000000
-0.0411780000000000
-0.0280370000000000
0.00445170000000000
0.0343350000000000
0.0444370000000000
0.0410780000000000
0.0421970000000000
0.0452080000000000
0.0309580000000000
-0.000428770000000000
-0.0267290000000000
-0.0346220000000000
-0.0236690000000000
0.0115320000000000
0.0710990000000000
0.131470000000000
0.163950000000000
0.163500000000000
0.134720000000000
0.0743590000000000
-0.00923520000000000
-0.0767680000000000
-0.0932270000000000
-0.0646090000000000
-0.0246590000000000
0.00557700000000000
0.0247920000000000
0.0360510000000000
0.0387860000000000
0.0351170000000000
0.0301520000000000
0.0274190000000000
0.0285530000000000
0.0338840000000000
0.0398800000000000
0.0342520000000000
0.00481460000000000
-0.0422230000000000
-0.0788740000000000
-0.0821660000000000
-0.0591740000000000
-0.0365130000000000
-0.0320760000000000
-0.0453660000000000
-0.0681150000000000
-0.0838510000000000
-0.0622940000000000
0.0194270000000000
0.137710000000000
0.225350000000000
0.226390000000000
0.144370000000000
0.0257130000000000
-0.0860950000000000
-0.165050000000000
-0.182770000000000
-0.120930000000000
-0.0126540000000000
0.0645110000000000
0.0647420000000000
0.0227690000000000
-0.000823190000000000
0.00417730000000000
0.00700270000000000
0.000553230000000000
0.00926300000000000
0.0402530000000000
0.0735180000000000
0.0997870000000000
0.128400000000000
0.145380000000000
0.115380000000000
0.0370880000000000
-0.0363890000000000
-0.0614620000000000
-0.0512200000000000
-0.0428610000000000
-0.0448930000000000
-0.0462260000000000
-0.0461650000000000
-0.0482430000000000
-0.0405150000000000
-0.00720090000000000
0.0464950000000000
0.0964710000000000
0.118130000000000
0.0981100000000000
0.0401670000000000
-0.0294390000000000
-0.0774620000000000
-0.0937220000000000
-0.0945980000000000
-0.0924000000000000
-0.0798660000000000
-0.0569870000000000
-0.0456640000000000
-0.0510440000000000
-0.0338490000000000
0.0366040000000000
0.121670000000000
0.157900000000000
0.146820000000000
0.135430000000000
0.116220000000000
0.0277130000000000
-0.134210000000000
-0.290440000000000
-0.381730000000000
-0.421110000000000
-0.423200000000000
-0.366860000000000
-0.257360000000000
-0.157830000000000
-0.122820000000000
-0.141820000000000
-0.168620000000000
-0.167850000000000
-0.129070000000000
-0.0682620000000000
-0.0223830000000000
-0.0119790000000000
-0.0180270000000000
-0.0184210000000000
-0.0246870000000000
-0.0555750000000000
-0.0952970000000000
-0.113760000000000
-0.108420000000000
-0.104710000000000
-0.120380000000000
-0.152910000000000
-0.191220000000000
-0.226930000000000
-0.244530000000000
-0.221160000000000
-0.146580000000000
-0.0459720000000000
0.0378480000000000
0.0861330000000000
0.116740000000000
0.145670000000000
0.159150000000000
0.140480000000000
0.0981400000000000
0.0464340000000000
-0.0197510000000000
-0.0989280000000000
-0.156500000000000
-0.159470000000000
-0.129120000000000
-0.117190000000000
-0.136610000000000
-0.148590000000000
-0.124610000000000
-0.0878280000000000
-0.0802600000000000
-0.106170000000000
-0.126990000000000
-0.107700000000000
-0.0460770000000000
0.0359400000000000
0.112010000000000
0.150800000000000
0.126540000000000
0.0480100000000000
-0.0309820000000000
-0.0569290000000000
-0.0244950000000000
0.0316830000000000
0.0737350000000000
0.0734510000000000
0.0193070000000000
-0.0575230000000000
-0.0908380000000000
-0.0398090000000000
0.0763830000000000
0.222130000000000
0.380160000000000
0.513410000000000
0.550520000000000
0.461270000000000
0.315350000000000
0.204020000000000
0.144120000000000
0.0999390000000000
0.0668070000000000
0.0631200000000000
0.0766850000000000
0.0808370000000000
0.0823590000000000
0.0954770000000000
0.0949430000000000
0.0606500000000000
0.0451170000000000
0.125890000000000
0.299630000000000
0.480660000000000
0.592560000000000
0.610790000000000
0.549020000000000
0.452420000000000
0.376710000000000
0.321570000000000
0.227450000000000
0.0733720000000000
-0.0739180000000000
-0.154950000000000
-0.190480000000000
-0.214860000000000
-0.213900000000000
-0.182660000000000
-0.155410000000000
-0.126600000000000
-0.0374290000000000
0.110310000000000
0.229400000000000
0.278730000000000
0.308000000000000
0.347880000000000
0.368380000000000
0.363130000000000
0.355170000000000
0.335220000000000
0.298380000000000
0.284170000000000
0.265510000000000
0.104570000000000
-0.251270000000000
-0.643270000000000
-0.885180000000000
-0.949240000000000
-0.825230000000000
-0.427010000000000
0.192380000000000
0.715760000000000
0.915170000000000
0.902170000000000
0.871230000000000
0.781180000000000
0.497750000000000
0.0777280000000000
-0.273250000000000
-0.436970000000000
-0.449840000000000
-0.410220000000000
-0.414200000000000
-0.493300000000000
-0.568160000000000
-0.548360000000000
-0.471450000000000
-0.439850000000000
-0.450510000000000
-0.409090000000000
-0.285850000000000
-0.131580000000000
0.0355780000000000
0.233660000000000
0.415820000000000
0.489960000000000
0.435210000000000
0.314210000000000
0.173910000000000
0.0147540000000000
-0.167990000000000
-0.374530000000000
-0.601960000000000
-0.786690000000000
-0.789930000000000
-0.530730000000000
-0.115360000000000
0.234210000000000
0.378890000000000
0.356630000000000
0.301040000000000
0.291800000000000
0.291290000000000
0.242520000000000
0.175210000000000
0.135810000000000
0.0790440000000000
-0.0326420000000000
-0.0994660000000000
-0.0405780000000000
-0.0407200000000000
-0.352620000000000
-0.891590000000000
-1.28990000000000
-1.39060000000000
-1.34970000000000
-1.27620000000000
-1.06420000000000
-0.643460000000000
-0.149830000000000
0.221060000000000
0.385510000000000
0.390720000000000
0.330770000000000
0.260570000000000
0.184050000000000
0.162400000000000
0.319470000000000
0.656400000000000
1.00460000000000
1.25800000000000
1.45520000000000
1.52220000000000
1.24680000000000
0.662200000000000
0.137190000000000
-0.122470000000000
-0.296420000000000
-0.540480000000000
-0.729480000000000
-0.752170000000000
-0.706920000000000
-0.702730000000000
-0.733950000000000
-0.775380000000000
-0.786820000000000
-0.684260000000000
-0.491550000000000
-0.311290000000000
-0.0325290000000000
0.591350000000000
1.41360000000000
1.94480000000000
2.03880000000000
2.03570000000000
2.02340000000000
1.62940000000000
0.739420000000000
-0.157410000000000
-0.675660000000000
-0.961430000000000
-1.21090000000000
-1.30770000000000
-1.17210000000000
-0.982850000000000
-0.868380000000000
-0.739930000000000
-0.545760000000000
-0.376470000000000
-0.252480000000000
-0.0911690000000000
0.0762520000000000
0.121860000000000
0.0403510000000000
-0.0534730000000000
-0.116140000000000
-0.182060000000000
-0.244780000000000
-0.265960000000000
-0.249870000000000
-0.209460000000000
-0.125340000000000
0.00389700000000000
0.129340000000000
0.215010000000000
0.274170000000000
0.319850000000000
0.320000000000000
0.239470000000000
0.107690000000000
0.0125360000000000
0.00251740000000000
0.0248560000000000
0.00602750000000000
-0.0316390000000000
-0.0218110000000000
-0.0184720000000000
-0.167430000000000
-0.475240000000000
-0.747370000000000
-0.838970000000000
-0.815550000000000
-0.790750000000000
-0.747410000000000
-0.627760000000000
-0.467840000000000
-0.324400000000000
-0.166550000000000
0.0384530000000000
0.214040000000000
0.272830000000000
0.274310000000000
0.361220000000000
0.561200000000000
0.754030000000000
0.834860000000000
0.800090000000000
0.658630000000000
0.376360000000000
-0.0401790000000000
-0.483490000000000
-0.819400000000000
-0.977030000000000
-0.951960000000000
-0.788720000000000
-0.579850000000000
-0.394510000000000
-0.185620000000000
0.122530000000000
0.455160000000000
0.637620000000000
0.635900000000000
0.587180000000000
0.587430000000000
0.600570000000000
0.585950000000000
0.542660000000000
0.418300000000000
0.138900000000000
-0.237080000000000
-0.542940000000000
-0.690140000000000
-0.706420000000000
-0.604520000000000
-0.367810000000000
-0.0502150000000000
0.249210000000000
0.512750000000000
0.781510000000000
1.02980000000000
1.17470000000000
1.19890000000000
1.15540000000000
1.07390000000000
0.948810000000000
0.795220000000000
0.620290000000000
0.368750000000000
-0.0232690000000000
-0.504860000000000
-0.908430000000000
-1.07970000000000
-0.996630000000000
-0.739210000000000
-0.386740000000000
0.0315020000000000
0.478970000000000
0.862010000000000
1.09000000000000
1.16710000000000
1.15530000000000
1.05560000000000
0.820060000000000
0.467160000000000
0.0934440000000000
-0.238890000000000
-0.533210000000000
-0.787710000000000
-0.968380000000000
-1.04510000000000
-0.998750000000000
-0.834810000000000
-0.632670000000000
-0.503810000000000
-0.455050000000000
-0.385450000000000
-0.261290000000000
-0.172900000000000
-0.187160000000000
-0.275830000000000
-0.416320000000000
-0.604510000000000
-0.762860000000000
-0.804400000000000
-0.780790000000000
-0.780100000000000
-0.726450000000000
-0.494920000000000
-0.168770000000000
0.0600640000000000
0.198110000000000
0.418510000000000
0.773630000000000
1.14890000000000
1.42440000000000
1.47840000000000
1.16010000000000
0.500980000000000
-0.156890000000000
-0.478870000000000
-0.490860000000000
-0.430760000000000
-0.390320000000000
-0.307650000000000
-0.182970000000000
-0.0856230000000000
-0.0207710000000000
0.0483770000000000
0.107360000000000
0.127320000000000
0.128210000000000
0.134250000000000
0.136390000000000
0.133440000000000
0.132960000000000
0.104790000000000
0.0221540000000000
-0.0655390000000000
-0.0882940000000000
-0.0571120000000000
-0.0267780000000000
-0.00904070000000000
0.00434060000000000
0.00179910000000000
0.00390230000000000
0.0712690000000000
0.200930000000000
0.309570000000000
0.357750000000000
0.379910000000000
0.354710000000000
0.186710000000000
-0.123520000000000
-0.415740000000000
-0.541410000000000
-0.495980000000000
-0.348390000000000
-0.161980000000000
-0.00629590000000000
0.0665550000000000
0.0903370000000000
0.143760000000000
0.242800000000000
0.330520000000000
0.356300000000000
0.297170000000000
0.139710000000000
-0.0886040000000000
-0.294310000000000
-0.399080000000000
-0.419260000000000
-0.414220000000000
-0.396120000000000
-0.348570000000000
-0.278110000000000
-0.188540000000000
-0.0569930000000000
0.0966780000000000
0.192800000000000
0.219990000000000
0.304300000000000
0.526800000000000
0.737420000000000
0.702510000000000
0.416560000000000
0.119220000000000
0.00116990000000000
0.0316780000000000
0.0795450000000000
0.0792220000000000
0.0533530000000000
0.0680480000000000
0.183820000000000
0.397920000000000
0.635830000000000
0.815830000000000
0.885110000000000
0.792780000000000
0.520280000000000
0.145430000000000
-0.223690000000000
-0.581440000000000
-0.958490000000000
-1.25200000000000
-1.29920000000000
-1.11730000000000
-0.892250000000000
-0.716960000000000
-0.520070000000000
-0.254880000000000
0.0104450000000000
0.209360000000000
0.318140000000000
0.298060000000000
0.143790000000000
-0.0354230000000000
-0.120690000000000
-0.118190000000000
-0.0937650000000000
-0.0590690000000000
-0.0272430000000000
-0.0556640000000000
-0.111880000000000
-0.0357740000000000
0.220660000000000
0.461740000000000
0.508760000000000
0.441840000000000
0.434850000000000
0.490400000000000
0.483280000000000
0.358390000000000
0.156900000000000
-0.0665720000000000
-0.256720000000000
-0.349640000000000
-0.335240000000000
-0.270210000000000
-0.201160000000000
-0.130640000000000
-0.0703860000000000
-0.0373650000000000
0.00224820000000000
0.106220000000000
0.265780000000000
0.408760000000000
0.490070000000000
0.522050000000000
0.531560000000000
0.526640000000000
0.493100000000000
0.385580000000000
0.162880000000000
-0.136100000000000
-0.383600000000000
-0.473990000000000
-0.414960000000000
-0.291770000000000
-0.175140000000000
-0.0881120000000000
-0.0284860000000000
0.00796750000000000
0.0118360000000000
-0.0330900000000000
-0.118170000000000
-0.195430000000000
-0.228020000000000
-0.232090000000000
-0.244120000000000
-0.267910000000000
-0.285440000000000
-0.290430000000000
-0.281080000000000
-0.245900000000000
-0.182080000000000
-0.107110000000000
-0.0378090000000000
0.0201770000000000
0.0607050000000000
0.0829410000000000
0.105480000000000
0.146870000000000
0.203940000000000
0.266110000000000
0.323010000000000
0.332770000000000
0.240290000000000
0.0640710000000000
-0.0890210000000000
-0.146560000000000
-0.140410000000000
-0.123270000000000
-0.0973800000000000
-0.0664030000000000
-0.0601970000000000
-0.0632600000000000
-0.00434510000000000
0.134100000000000
0.276940000000000
0.359980000000000
0.389640000000000
0.368720000000000
0.261930000000000
0.0651830000000000
-0.169480000000000
-0.397770000000000
-0.600500000000000
-0.747830000000000
-0.813550000000000
-0.805430000000000
-0.724340000000000
-0.535050000000000
-0.247570000000000
0.0287900000000000
0.186140000000000
0.233500000000000
0.242800000000000
0.238630000000000
0.206480000000000
0.159340000000000
0.120660000000000
0.0756610000000000
-0.00253550000000000
-0.103460000000000
-0.196270000000000
-0.271460000000000
-0.332590000000000
-0.369350000000000
-0.365800000000000
-0.319680000000000
-0.238840000000000
-0.135970000000000
-0.0358160000000000
0.0327110000000000
0.0624640000000000
0.0711800000000000
0.0724370000000000
0.0596450000000000
0.0266890000000000
-0.0130940000000000
-0.0417700000000000
-0.0600620000000000
-0.0812430000000000
-0.112810000000000
-0.150370000000000
-0.185570000000000
-0.204800000000000
-0.191190000000000
-0.130140000000000
-0.0179370000000000
0.131970000000000
0.278510000000000
0.369260000000000
0.386120000000000
0.363310000000000
0.335080000000000
0.284120000000000
0.179540000000000
0.0493050000000000
-0.0332900000000000
-0.0328650000000000
0.0266170000000000
0.108080000000000
0.181240000000000
0.205100000000000
0.150820000000000
0.0477760000000000
-0.0361760000000000
-0.0677050000000000
-0.0679750000000000
-0.0604600000000000
-0.0428350000000000
-0.00943100000000000
0.0303980000000000
0.0634360000000000
0.0774610000000000
0.0613630000000000
0.0166520000000000
-0.0355100000000000
-0.0743290000000000
-0.105890000000000
-0.154110000000000
-0.228580000000000
-0.299960000000000
-0.315230000000000
-0.240950000000000
-0.102700000000000
0.0311590000000000
0.110020000000000
0.138200000000000
0.149740000000000
0.166800000000000
0.191500000000000
0.213560000000000
0.212980000000000
0.170890000000000
0.0929530000000000
0.00954470000000000
-0.0575900000000000
-0.113620000000000
-0.164500000000000
-0.185030000000000
-0.137790000000000
-0.0179820000000000
0.133800000000000
0.266140000000000
0.347150000000000
0.367060000000000
0.332130000000000
0.266860000000000
0.204900000000000
0.163940000000000
0.137740000000000
0.116470000000000
0.102330000000000
0.0986780000000000
0.101580000000000
0.109240000000000
0.124910000000000
0.146820000000000
0.171080000000000
0.206320000000000
0.256620000000000
0.292640000000000
0.267480000000000
0.172740000000000
0.0517710000000000
-0.0452560000000000
-0.100950000000000
-0.119030000000000
-0.104160000000000
-0.0674410000000000
-0.0299550000000000
-0.00721460000000000
0.000718350000000000
-0.00876970000000000
-0.0467580000000000
-0.118300000000000
-0.200340000000000
-0.249300000000000
-0.224780000000000
-0.117970000000000
0.0356790000000000
0.172540000000000
0.251870000000000
0.292490000000000
0.336540000000000
0.374320000000000
0.337590000000000
0.186450000000000
-0.0252190000000000
-0.198840000000000
-0.288080000000000
-0.316750000000000
-0.319050000000000
-0.303000000000000
-0.274280000000000
-0.257490000000000
-0.272340000000000
-0.305680000000000
-0.327760000000000
-0.328670000000000
-0.320290000000000
-0.302820000000000
-0.249210000000000
-0.136440000000000
0.0166550000000000
0.158940000000000
0.250810000000000
0.288040000000000
0.285510000000000
0.249360000000000
0.170590000000000
0.0457770000000000
-0.0995280000000000
-0.221160000000000
-0.291660000000000
-0.316230000000000
-0.303400000000000
-0.245360000000000
-0.142010000000000
-0.0255780000000000
0.0637660000000000
0.112930000000000
0.131980000000000
0.131270000000000
0.116840000000000
0.0979810000000000
0.0845400000000000
0.0799120000000000
0.0818640000000000
0.0882160000000000
0.0997610000000000
0.119180000000000
0.140770000000000
0.145420000000000
0.117640000000000
0.0712420000000000
0.0409270000000000
0.0494120000000000
0.0903300000000000
0.138500000000000
0.171420000000000
0.185780000000000
0.192680000000000
0.183000000000000
0.122700000000000
0.00444480000000000
-0.117350000000000
-0.184320000000000
-0.198190000000000
-0.192440000000000
-0.176540000000000
-0.149870000000000
-0.129750000000000
-0.113010000000000
-0.0586050000000000
0.0491850000000000
0.157740000000000
0.214880000000000
0.227110000000000
0.215920000000000
0.171780000000000
0.0954970000000000
0.0278560000000000
-0.00506680000000000
-0.0270440000000000
-0.0623470000000000
-0.0944110000000000
-0.102300000000000
-0.0958120000000000
-0.0907110000000000
-0.0791700000000000
-0.0476760000000000
-0.00342460000000000
0.0314820000000000
0.0429920000000000
0.0353210000000000
0.0224710000000000
0.0148560000000000
0.0144100000000000
0.0213460000000000
0.0363020000000000
0.0542360000000000
0.0616880000000000
0.0510150000000000
0.0290760000000000
0.00770800000000000
-0.0127210000000000
-0.0391900000000000
-0.0729550000000000
-0.104550000000000
-0.125190000000000
-0.136930000000000
-0.146450000000000
-0.148410000000000
-0.132300000000000
-0.104190000000000
-0.0811820000000000
-0.0554380000000000
0.00179460000000000
0.0917570000000000
0.172070000000000
0.209220000000000
0.214820000000000
0.208330000000000
0.175690000000000
0.0924330000000000
-0.0281140000000000
-0.141000000000000
-0.209930000000000
-0.229290000000000
-0.213240000000000
-0.182100000000000
-0.154320000000000
-0.141900000000000
-0.148090000000000
-0.166000000000000
-0.180470000000000
-0.178820000000000
-0.164950000000000
-0.155670000000000
-0.162180000000000
-0.180330000000000
-0.200120000000000
-0.216680000000000
-0.230630000000000
-0.238520000000000
-0.228020000000000
-0.182980000000000
-0.0995670000000000
0.00496310000000000
0.101410000000000
0.167990000000000
0.199840000000000
0.204690000000000
0.193830000000000
0.175870000000000
0.158040000000000
0.151440000000000
0.167180000000000
0.201930000000000
0.234670000000000
0.250050000000000
0.251880000000000
0.247380000000000
0.229490000000000
0.192980000000000
0.152640000000000
0.126710000000000
0.109790000000000
0.0819360000000000
0.0380920000000000
-0.0109930000000000
-0.0576670000000000
-0.103900000000000
-0.149500000000000
-0.189570000000000
-0.217460000000000
-0.226990000000000
-0.212040000000000
-0.177200000000000
-0.135870000000000
-0.0986390000000000
-0.0610180000000000
-0.0111260000000000
0.0584210000000000
0.135980000000000
0.190820000000000
0.193650000000000
0.148830000000000
0.0936810000000000
0.0553420000000000
0.0261020000000000
-0.00896140000000000
-0.0390110000000000
-0.0454130000000000
-0.0272010000000000
0.00447340000000000
0.0465890000000000
0.0912250000000000
0.114150000000000
0.0949610000000000
0.0441190000000000
-0.0136010000000000
-0.0671040000000000
-0.117320000000000
-0.160000000000000
-0.189180000000000
-0.201080000000000
-0.184850000000000
-0.124460000000000
-0.0259310000000000
0.0746880000000000
0.141040000000000
0.167000000000000
0.169220000000000
0.162490000000000
0.153160000000000
0.145950000000000
0.142640000000000
0.138870000000000
0.126910000000000
0.0999050000000000
0.0545470000000000
-0.00300720000000000
-0.0581520000000000
-0.0972840000000000
-0.113000000000000
-0.100900000000000
-0.0599380000000000
-0.00240420000000000
0.0521730000000000
0.0920690000000000
0.113800000000000
0.111950000000000
0.0892360000000000
0.0655890000000000
0.0587370000000000
0.0635810000000000
0.0680820000000000
0.0775750000000000
0.0995710000000000
0.117760000000000
0.109330000000000
0.0754760000000000
0.0292140000000000
-0.0291170000000000
-0.0955610000000000
-0.144700000000000
-0.156120000000000
-0.147310000000000
-0.150960000000000
-0.176620000000000
-0.208490000000000
-0.231040000000000
-0.231990000000000
-0.200400000000000
-0.137590000000000
-0.0669460000000000
-0.0142090000000000
0.0144600000000000
0.0278680000000000
0.0329580000000000
0.0314730000000000
0.0233650000000000
0.00854380000000000
-0.0101900000000000
-0.0270060000000000
-0.0397540000000000
-0.0538060000000000
-0.0756610000000000
-0.104100000000000
-0.126750000000000
-0.128100000000000
-0.101060000000000
-0.0546940000000000
-0.00184860000000000
0.0565680000000000
0.122870000000000
0.180330000000000
0.204510000000000
0.197680000000000
0.178870000000000
0.143750000000000
0.0728790000000000
-0.0157870000000000
-0.0754620000000000
-0.0904580000000000
-0.0836600000000000
-0.0689090000000000
-0.0464930000000000
-0.0339350000000000
-0.0486830000000000
-0.0747710000000000
-0.0857570000000000
-0.0835520000000000
-0.0721030000000000
-0.0329950000000000
0.0382560000000000
0.105870000000000
0.141630000000000
0.151980000000000
0.138440000000000
0.0855040000000000
0.00805820000000000
-0.0481190000000000
-0.0676990000000000
-0.0755900000000000
-0.0822880000000000
-0.0723680000000000
-0.0433530000000000
-0.0102520000000000
0.0227170000000000
0.0561670000000000
0.0779870000000000
0.0792730000000000
0.0653190000000000
0.0358870000000000
-0.0175340000000000
-0.0815020000000000
-0.124400000000000
-0.134790000000000
-0.126250000000000
-0.106130000000000
-0.0768070000000000
-0.0560670000000000
-0.0569510000000000
-0.0628200000000000
-0.0512030000000000
-0.0282550000000000
-0.00721930000000000
0.0198320000000000
0.0639130000000000
0.106730000000000
0.121750000000000
0.105360000000000
0.0700730000000000
0.0239960000000000
-0.0220600000000000
-0.0517070000000000
-0.0603990000000000
-0.0591270000000000
-0.0543200000000000
-0.0428130000000000
-0.0313460000000000
-0.0366100000000000
-0.0594940000000000
-0.0778640000000000
-0.0765300000000000
-0.0646280000000000
-0.0547730000000000
-0.0423660000000000
-0.0190600000000000
0.0109310000000000
0.0402520000000000
0.0717640000000000
0.109800000000000
0.145860000000000
0.163930000000000
0.158230000000000
0.140230000000000
0.123580000000000
0.110070000000000
0.0917610000000000
0.0683430000000000
0.0520500000000000
0.0549780000000000
0.0684590000000000
0.0718450000000000
0.0586910000000000
0.0436390000000000
0.0356970000000000
0.0278900000000000
0.0139980000000000
0.00550090000000000
0.0177330000000000
0.0506970000000000
0.0865370000000000
0.104450000000000
0.0923300000000000
0.0536440000000000
0.00409370000000000
-0.0445390000000000
-0.0907070000000000
-0.130430000000000
-0.151610000000000
-0.152990000000000
-0.149300000000000
-0.148460000000000
-0.138540000000000
-0.111080000000000
-0.0799120000000000
-0.0628510000000000
-0.0595090000000000
-0.0597010000000000
-0.0603060000000000
-0.0612030000000000
-0.0598830000000000
-0.0591930000000000
-0.0639600000000000
-0.0680310000000000
-0.0571730000000000
-0.0287660000000000
0.00873390000000000
0.0484080000000000
0.0849630000000000
0.105360000000000
0.100870000000000
0.0809130000000000
0.0577120000000000
0.0257500000000000
-0.0229110000000000
-0.0732210000000000
-0.0989260000000000
-0.0933810000000000
-0.0695120000000000
-0.0360180000000000
0.00684770000000000
0.0553250000000000
0.100450000000000
0.135570000000000
0.157310000000000
0.164340000000000
0.159810000000000
0.149790000000000
0.135230000000000
0.111740000000000
0.0795440000000000
0.0455140000000000
0.0173000000000000
0.00479450000000000
0.0160820000000000
0.0480560000000000
0.0860180000000000
0.120760000000000
0.148230000000000
0.160000000000000
0.144810000000000
0.110900000000000
0.0778040000000000
0.0469540000000000
-0.000185820000000000
-0.0632430000000000
-0.117390000000000
-0.147180000000000
-0.160550000000000
-0.161530000000000
-0.141040000000000
-0.0963590000000000
-0.0404810000000000
0.0147300000000000
0.0639790000000000
0.100070000000000
0.115280000000000
0.110060000000000
0.0883340000000000
0.0512850000000000
0.00691710000000000
-0.0299230000000000
-0.0552360000000000
-0.0805750000000000
-0.107440000000000
-0.121320000000000
-0.115640000000000
-0.103840000000000
-0.0942630000000000
-0.0781940000000000
-0.0477210000000000
-0.0107270000000000
0.0233100000000000
0.0553910000000000
0.0879580000000000
0.110320000000000
0.109460000000000
0.0861520000000000
0.0545470000000000
0.0237200000000000
-0.00622420000000000
-0.0358500000000000
-0.0574120000000000
-0.0640010000000000
-0.0608330000000000
-0.0597540000000000
-0.0638110000000000
-0.0636460000000000
-0.0515420000000000
-0.0297380000000000
-0.00760430000000000
0.00935140000000000
0.0222900000000000
0.0357540000000000
0.0487680000000000
0.0532160000000000
0.0433000000000000
0.0244420000000000
0.00365940000000000
-0.0234280000000000
-0.0662470000000000
-0.116790000000000
-0.151910000000000
-0.156900000000000
-0.139070000000000
-0.110650000000000
-0.0760530000000000
-0.0362880000000000
-0.000645550000000000
0.0221230000000000
0.0367060000000000
0.0548940000000000
0.0744440000000000
0.0798570000000000
0.0614680000000000
0.0279300000000000
-0.00472530000000000
-0.0257650000000000
-0.0332260000000000
-0.0256700000000000
-0.00552050000000000
0.0201420000000000
0.0433690000000000
0.0623750000000000
0.0732370000000000
0.0665370000000000
0.0352010000000000
-0.0151700000000000
-0.0693960000000000
-0.116740000000000
-0.153890000000000
-0.176240000000000
-0.174310000000000
-0.145920000000000
-0.101370000000000
-0.0539410000000000
-0.00853450000000000
0.0344710000000000
0.0684010000000000
0.0842480000000000
0.0827950000000000
0.0707390000000000
0.0486860000000000
0.0145220000000000
-0.0239260000000000
-0.0518980000000000
-0.0600090000000000
-0.0508310000000000
-0.0289930000000000
0.00240290000000000
0.0393230000000000
0.0737030000000000
0.100450000000000
0.116330000000000
0.118640000000000
0.108570000000000
0.0924700000000000
0.0745680000000000
0.0542130000000000
0.0310580000000000
0.00853190000000000
-0.00761670000000000
-0.0138420000000000
-0.0122740000000000
-0.00888430000000000
-0.0100820000000000
-0.0195920000000000
-0.0356440000000000
-0.0527510000000000
-0.0675500000000000
-0.0834510000000000
-0.105220000000000
-0.130450000000000
-0.146420000000000
-0.144110000000000
-0.128720000000000
-0.109780000000000
-0.0877140000000000
-0.0598470000000000
-0.0337930000000000
-0.0157890000000000
-0.000381830000000000
0.0214750000000000
0.0456830000000000
0.0645970000000000
0.0759830000000000
0.0810300000000000
0.0795820000000000
0.0766370000000000
0.0788830000000000
0.0824810000000000
0.0756460000000000
0.0577910000000000
0.0412480000000000
0.0298370000000000
0.0121410000000000
-0.0172120000000000
-0.0488420000000000
-0.0714560000000000
-0.0837880000000000
-0.0877460000000000
-0.0826170000000000
-0.0620890000000000
-0.0219980000000000
0.0319650000000000
0.0843050000000000
0.123040000000000
0.147580000000000
0.162440000000000
0.168660000000000
0.166350000000000
0.156520000000000
0.134300000000000
0.0917200000000000
0.0353730000000000
-0.0138160000000000
-0.0452900000000000
-0.0672670000000000
-0.0843820000000000
-0.0881250000000000
-0.0773700000000000
-0.0662660000000000
-0.0629530000000000
-0.0589280000000000
-0.0492840000000000
-0.0420690000000000
-0.0399290000000000
-0.0337690000000000
-0.0222140000000000
-0.0169570000000000
-0.0198990000000000
-0.0166550000000000
0.00163210000000000
0.0256410000000000
0.0472530000000000
0.0707560000000000
0.0995390000000000
0.123690000000000
0.132460000000000
0.126690000000000
0.117090000000000
0.112510000000000
0.112510000000000
0.109050000000000
0.0961140000000000
0.0757540000000000
0.0512640000000000
0.0172830000000000
-0.0329380000000000
-0.0931140000000000
-0.146130000000000
-0.182790000000000
-0.204090000000000
-0.208910000000000
-0.193560000000000
-0.162190000000000
-0.124020000000000
-0.0836040000000000
-0.0437970000000000
-0.0120270000000000
0.00855980000000000
0.0242760000000000
0.0432000000000000
0.0630730000000000
0.0798960000000000
0.0938720000000000
0.105150000000000
0.107720000000000
0.0962250000000000
0.0675770000000000
0.0197010000000000
-0.0415460000000000
-0.0999690000000000
-0.142030000000000
-0.164790000000000
-0.164600000000000
-0.135640000000000
-0.0854960000000000
-0.0340050000000000
0.00987730000000000
0.0506740000000000
0.0849990000000000
0.102690000000000
0.106790000000000
0.107960000000000
0.102400000000000
0.0835780000000000
0.0637990000000000
0.0565920000000000
0.0507260000000000
0.0340340000000000
0.0224480000000000
0.0344770000000000
0.0555930000000000
0.0618690000000000
0.0576360000000000
0.0578930000000000
0.0555770000000000
0.0372710000000000
0.0115830000000000
-0.00866890000000000
-0.0313460000000000
-0.0670490000000000
-0.103160000000000
-0.121450000000000
-0.125140000000000
-0.125420000000000
-0.118560000000000
-0.0963460000000000
-0.0667040000000000
-0.0403750000000000
-0.0163800000000000
0.0100290000000000
0.0324930000000000
0.0458870000000000
0.0571800000000000
0.0747290000000000
0.0929210000000000
0.102010000000000
0.102760000000000
0.0997930000000000
0.0912280000000000
0.0726160000000000
0.0436210000000000
0.00838230000000000
-0.0245330000000000
-0.0435460000000000
-0.0458450000000000
-0.0389530000000000
-0.0307870000000000
-0.0197780000000000
-0.00559220000000000
0.00581730000000000
0.0105840000000000
0.0149650000000000
0.0236980000000000
0.0325950000000000
0.0357810000000000
0.0321920000000000
0.0223430000000000
0.00824030000000000
-0.00497700000000000
-0.0128640000000000
-0.0145780000000000
-0.00949900000000000
0.00107220000000000
0.00964890000000000
0.0105720000000000
0.0107640000000000
0.0191540000000000
0.0305170000000000
0.0343670000000000
0.0335550000000000
0.0344430000000000
0.0270020000000000
-0.00554550000000000
-0.0594320000000000
-0.112520000000000
-0.148660000000000
-0.166650000000000
-0.169580000000000
-0.160830000000000
-0.145420000000000
-0.126270000000000
-0.102620000000000
-0.0755990000000000
-0.0465360000000000
-0.00901170000000000
0.0436540000000000
0.0982980000000000
0.124640000000000
0.109350000000000
0.0714680000000000
0.0352400000000000
0.00228160000000000
-0.0351840000000000
-0.0715250000000000
-0.0936480000000000
-0.102420000000000
-0.108630000000000
-0.112080000000000
-0.101260000000000
-0.0744560000000000
-0.0433250000000000
-0.0165800000000000
0.00678700000000000
0.0299090000000000
0.0523360000000000
0.0719930000000000
0.0833920000000000
0.0796240000000000
0.0593750000000000
0.0325320000000000
0.00670490000000000
-0.0218080000000000
-0.0566450000000000
-0.0847220000000000
-0.0914000000000000
-0.0821670000000000
-0.0743930000000000
-0.0660170000000000
-0.0382500000000000
0.0115870000000000
0.0589570000000000
0.0820760000000000
0.0817730000000000
0.0668030000000000
0.0406090000000000
0.0116390000000000
-0.00589500000000000
-0.0115110000000000
-0.0196570000000000
-0.0316670000000000
-0.0299400000000000
-0.00705660000000000
0.0204220000000000
0.0374270000000000
0.0489330000000000
0.0634880000000000
0.0772540000000000
0.0835140000000000
0.0839130000000000
0.0798250000000000
0.0663490000000000
0.0411740000000000
0.0115750000000000
-0.0133400000000000
-0.0312730000000000
-0.0436110000000000
-0.0487560000000000
-0.0402920000000000
-0.0137120000000000
0.0276990000000000
0.0703850000000000
0.0996190000000000
0.107820000000000
0.0990760000000000
0.0843080000000000
0.0721440000000000
0.0593090000000000
0.0394010000000000
0.0185330000000000
0.0111920000000000
0.0161540000000000
0.0147750000000000
-0.00350880000000000
-0.0284490000000000
-0.0497280000000000
-0.0662960000000000
-0.0712060000000000
-0.0515000000000000
-0.0140710000000000
0.0169060000000000
0.0316710000000000
0.0391190000000000
0.0384840000000000
0.0160200000000000
-0.0269310000000000
-0.0719670000000000
-0.110520000000000
-0.144230000000000
-0.159710000000000
-0.136370000000000
-0.0797870000000000
-0.0208310000000000
0.0181580000000000
0.0380960000000000
0.0486160000000000
0.0564790000000000
0.0653540000000000
0.0734890000000000
0.0724460000000000
0.0591620000000000
0.0412490000000000
0.0277930000000000
0.0187470000000000
0.00984870000000000
-0.000515640000000000
-0.00863400000000000
-0.0112020000000000
-0.0101170000000000
-0.0101750000000000
-0.0114120000000000
-0.00993770000000000
-0.00865140000000000
-0.0157410000000000
-0.0290950000000000
-0.0355300000000000
-0.0332660000000000
-0.0328870000000000
-0.0322960000000000
-0.0130940000000000
0.0266070000000000
0.0630130000000000
0.0783270000000000
0.0806190000000000
0.0801920000000000
0.0719640000000000
0.0501790000000000
0.0229080000000000
-0.00169570000000000
-0.0237040000000000
-0.0444150000000000
-0.0617170000000000
-0.0786920000000000
-0.0989130000000000
-0.117890000000000
-0.127110000000000
-0.126660000000000
-0.122080000000000
-0.113190000000000
-0.0928540000000000
-0.0566840000000000
-0.00924710000000000
0.0387600000000000
0.0781550000000000
0.105040000000000
0.119740000000000
0.124180000000000
0.120360000000000
0.107520000000000
0.0812010000000000
0.0403090000000000
-0.00389490000000000
-0.0330740000000000
-0.0403750000000000
-0.0351870000000000
-0.0250020000000000
-0.00697170000000000
0.0182160000000000
0.0359210000000000
0.0333700000000000
0.0149290000000000
-0.00376350000000000
-0.0134600000000000
-0.0156930000000000
-0.0149560000000000
-0.0137300000000000
-0.0137180000000000
-0.0157400000000000
-0.0160140000000000
-0.00848220000000000
0.00942080000000000
0.0338420000000000
0.0578310000000000
0.0736600000000000
0.0774840000000000
0.0739770000000000
0.0733060000000000
0.0769470000000000
0.0733160000000000
0.0537070000000000
0.0260330000000000
0.00224350000000000
-0.0169290000000000
-0.0317940000000000
-0.0336560000000000
-0.0213810000000000
-0.0121540000000000
-0.0167730000000000
-0.0203570000000000
-0.00656700000000000
0.0159250000000000
0.0302570000000000
0.0382430000000000
0.0481170000000000
0.0536230000000000
0.0466120000000000
0.0343800000000000
0.0262410000000000
0.0174890000000000
-0.000301040000000000
-0.0254020000000000
-0.0499590000000000
-0.0651980000000000
-0.0637490000000000
-0.0468340000000000
-0.0287810000000000
-0.0193540000000000
-0.0103280000000000
0.00753550000000000
0.0253160000000000
0.0306470000000000
0.0274960000000000
0.0262300000000000
0.0276100000000000
0.0278190000000000
0.0273050000000000
0.0271460000000000
0.0265760000000000
0.0270440000000000
0.0291380000000000
0.0260510000000000
0.0118620000000000
-0.00659660000000000
-0.0186070000000000
-0.0253950000000000
-0.0354760000000000
-0.0508280000000000
-0.0675080000000000
-0.0801650000000000
-0.0809780000000000
-0.0635790000000000
-0.0330630000000000
-0.00317060000000000
0.0170690000000000
0.0271140000000000
0.0272470000000000
0.0185340000000000
0.00706350000000000
-0.00174570000000000
-0.0101270000000000
-0.0188260000000000
-0.0219520000000000
-0.0177390000000000
-0.0156790000000000
-0.0238840000000000
-0.0395350000000000
-0.0573590000000000
-0.0766850000000000
-0.0952270000000000
-0.106580000000000
-0.110500000000000
-0.111530000000000
-0.107300000000000
-0.0917510000000000
-0.0684370000000000
-0.0452400000000000
-0.0215030000000000
0.00399710000000000
0.0250490000000000
0.0397110000000000
0.0564420000000000
0.0738430000000000
0.0747020000000000
0.0547730000000000
0.0338070000000000
0.0229670000000000
0.00834600000000000
-0.0140270000000000
-0.0216070000000000
-0.00324930000000000
0.0194100000000000
0.0280940000000000
0.0316690000000000
0.0371060000000000
0.0307740000000000
0.00769140000000000
-0.0150730000000000
-0.0261230000000000
-0.0343890000000000
-0.0417110000000000
-0.0369650000000000
-0.0217960000000000
-0.0150530000000000
-0.0208390000000000
-0.0222850000000000
-0.0113110000000000
0.000311430000000000
0.00353150000000000
0.00350680000000000
0.00419830000000000
0.00182790000000000
-0.00362060000000000
-0.00550370000000000
-0.00126640000000000
0.00389950000000000
0.00513100000000000
0.00236780000000000
0.000715180000000000
0.00596870000000000
0.0171390000000000
0.0252400000000000
0.0259490000000000
0.0255390000000000
0.0277290000000000
0.0238520000000000
0.00709890000000000
-0.0128760000000000
-0.0217600000000000
-0.0198930000000000
-0.0176000000000000
-0.0189130000000000
-0.0200400000000000
-0.0190650000000000
-0.0181670000000000
-0.0188340000000000
-0.0197090000000000
-0.0191720000000000
-0.0179160000000000
-0.0182330000000000
-0.0207030000000000
-0.0203950000000000
-0.0109910000000000
0.00862130000000000
0.0328060000000000
0.0549260000000000
0.0688690000000000
0.0725830000000000
0.0713020000000000
0.0720490000000000
0.0712050000000000
0.0569680000000000
0.0272630000000000
-0.00301730000000000
-0.0183940000000000
-0.0198780000000000
-0.0185150000000000
-0.0166370000000000
-0.00673670000000000
0.0151800000000000
0.0414980000000000
0.0619280000000000
0.0729300000000000
0.0780550000000000
0.0793250000000000
0.0773430000000000
0.0744850000000000
0.0697880000000000
0.0545140000000000
0.0254300000000000
-0.00374630000000000
-0.0186150000000000
-0.0246620000000000
-0.0353140000000000
-0.0450780000000000
-0.0391650000000000
-0.0229100000000000
-0.0170020000000000
-0.0215090000000000
-0.0155330000000000
0.00670600000000000
0.0254530000000000
0.0283270000000000
0.0260390000000000
0.0282230000000000
0.0261030000000000
0.0103640000000000
-0.00972440000000000
-0.0190010000000000
-0.0211420000000000
-0.0336510000000000
-0.0582820000000000
-0.0719310000000000
-0.0583650000000000
-0.0333070000000000
-0.0222900000000000
-0.0215580000000000
-0.00933630000000000
0.0136330000000000
0.0256660000000000
0.0256500000000000
0.0330540000000000
0.0487210000000000
0.0514850000000000
0.0371630000000000
0.0250780000000000
0.0250030000000000
0.0278230000000000
0.0278050000000000
0.0284840000000000
0.0262950000000000
0.0134540000000000
-0.00690120000000000
-0.0244600000000000
-0.0381280000000000
-0.0518600000000000
-0.0638330000000000
-0.0679150000000000
-0.0607430000000000
-0.0443760000000000
-0.0270220000000000
-0.0175140000000000
-0.0159960000000000
-0.0169320000000000
-0.0186290000000000
-0.0198770000000000
-0.0125880000000000
0.00667250000000000
0.0249910000000000
0.0298420000000000
0.0271780000000000
0.0272510000000000
0.0278920000000000
0.0262860000000000
0.0283180000000000
0.0307420000000000
0.0193210000000000
-0.00402130000000000
-0.0182670000000000
-0.0197750000000000
-0.0264280000000000
-0.0394680000000000
-0.0385070000000000
-0.0222110000000000
-0.0140390000000000
-0.0196500000000000
-0.0176210000000000
0.000708200000000000
0.0198330000000000
0.0340100000000000
0.0540570000000000
0.0736490000000000
0.0708540000000000
0.0438380000000000
0.0144240000000000
-0.00834800000000000
-0.0309540000000000
-0.0518670000000000
-0.0610410000000000
-0.0621990000000000
-0.0641430000000000
-0.0627350000000000
-0.0513580000000000
-0.0374430000000000
-0.0283490000000000
-0.0174990000000000
-7.36240000000000e-05
0.0160850000000000
0.0270720000000000
0.0412880000000000
0.0571300000000000
0.0584720000000000
0.0421480000000000
0.0249870000000000
0.0154590000000000
0.00466260000000000
-0.0143620000000000
-0.0364910000000000
-0.0541690000000000
-0.0633570000000000
-0.0644060000000000
-0.0619740000000000
-0.0622570000000000
-0.0625390000000000
-0.0522390000000000
-0.0281200000000000
0.000838310000000000
0.0284120000000000
0.0540700000000000
0.0697760000000000
0.0638750000000000
0.0393850000000000
0.0135260000000000
-0.00451370000000000
-0.0204210000000000
-0.0402290000000000
-0.0575780000000000
-0.0642210000000000
-0.0630350000000000
-0.0623660000000000
-0.0611380000000000
-0.0510100000000000
-0.0294770000000000
-0.00472490000000000
0.0154130000000000
0.0316400000000000
0.0495160000000000
0.0675160000000000
0.0763160000000000
0.0696270000000000
0.0525450000000000
0.0377680000000000
0.0323160000000000
0.0292380000000000
0.0162950000000000
-0.00536990000000000
-0.0201780000000000
-0.0199620000000000
-0.0146200000000000
-0.0161170000000000
-0.0200950000000000
-0.0161540000000000
-0.00814750000000000
-0.00839040000000000
-0.0150110000000000
-0.0175340000000000
-0.0217210000000000
-0.0405890000000000
-0.0642740000000000
-0.0676920000000000
-0.0493060000000000
-0.0307520000000000
-0.0192680000000000
-0.00267400000000000
0.0141380000000000
0.00997640000000000
-0.00964360000000000
-0.0126120000000000
0.00804580000000000
0.0261930000000000
0.0321570000000000
0.0448830000000000
0.0666650000000000
0.0721030000000000
0.0532480000000000
0.0350280000000000
0.0315100000000000
0.0255440000000000
0.00466120000000000
-0.0153810000000000
-0.0192230000000000
-0.0151680000000000
-0.0157790000000000
-0.0182950000000000
-0.0166150000000000
-0.0146390000000000
-0.0171910000000000
-0.0191640000000000
-0.0116130000000000
0.00627990000000000
0.0257130000000000
0.0341320000000000
0.0240550000000000
0.000605760000000000
-0.0184570000000000
-0.0176450000000000
0.00165900000000000
0.0231270000000000
0.0323210000000000
0.0299990000000000
0.0268950000000000
0.0288000000000000
0.0308930000000000
0.0288660000000000
0.0269220000000000
0.0300290000000000
0.0328180000000000
0.0252850000000000
0.00720320000000000
-0.0107100000000000
-0.0189370000000000
-0.0174170000000000
-0.0132330000000000
-0.0137340000000000
-0.0187730000000000
-0.0177820000000000
-0.00246370000000000
0.0195580000000000
0.0320370000000000
0.0318620000000000
0.0287780000000000
0.0289640000000000
0.0298990000000000
0.0310060000000000
0.0317510000000000
0.0244720000000000
0.00440090000000000
-0.0152710000000000
-0.0189890000000000
-0.0126040000000000
-0.0124490000000000
-0.0174240000000000
-0.0158260000000000
-0.0109830000000000
-0.0147280000000000
-0.0198830000000000
-0.00876240000000000
0.0149190000000000
0.0297500000000000
0.0309310000000000
0.0317380000000000
0.0336580000000000
0.0238670000000000
0.00224870000000000
-0.0140880000000000
-0.0165850000000000
-0.0132270000000000
-0.0123790000000000
-0.0135990000000000
-0.0146670000000000
-0.0143240000000000
-0.0106520000000000
-0.00360220000000000
0.00529240000000000
0.0159760000000000
0.0269840000000000
0.0324820000000000
0.0317890000000000
0.0319060000000000
0.0345470000000000
0.0317730000000000
0.0241240000000000
0.0237300000000000
0.0306680000000000
0.0267530000000000
0.00599430000000000
-0.0128460000000000
-0.0154530000000000
-0.0105130000000000
-0.0101450000000000
-0.0126280000000000
-0.0125230000000000
-0.0110740000000000
-0.0104210000000000
-0.0102120000000000
-0.0142420000000000
-0.0284880000000000
-0.0488240000000000
-0.0607200000000000
-0.0560880000000000
-0.0418980000000000
-0.0297270000000000
-0.0211800000000000
-0.00925360000000000
0.00876110000000000
0.0262860000000000
0.0363100000000000
0.0390520000000000
0.0357160000000000
0.0250630000000000
0.00904380000000000
-0.00534900000000000
-0.0164950000000000
-0.0297550000000000
-0.0460740000000000
-0.0576130000000000
-0.0580440000000000
-0.0488940000000000
-0.0349800000000000
-0.0183220000000000
0.00101850000000000
0.0209140000000000
0.0349900000000000
0.0387370000000000
0.0362120000000000
0.0366670000000000
0.0397940000000000
0.0334090000000000
0.0128250000000000
-0.00679510000000000
-0.0108040000000000
-0.00529760000000000
-0.00529290000000000
-0.0121410000000000
-0.0163570000000000
-0.0133470000000000
-0.00781500000000000
-0.00543930000000000
-0.00671760000000000
-0.00562490000000000
0.00596090000000000
0.0253450000000000
0.0349550000000000
0.0222550000000000
-1.05360000000000e-05
-0.00994510000000000
-0.00606090000000000
-0.00319410000000000
-0.00607450000000000
-0.00674340000000000
-0.00392730000000000
-0.00409510000000000
-0.00648940000000000
-0.00515670000000000
-0.00282030000000000
-0.00505340000000000
-0.00659210000000000
-0.00195460000000000
-0.00243890000000000
-0.0198940000000000
-0.0431240000000000
-0.0520060000000000
-0.0486140000000000
-0.0482630000000000
-0.0497870000000000
-0.0389040000000000
-0.0171500000000000
-0.00229530000000000
-0.00137360000000000
-0.00421790000000000
-0.00315320000000000
-0.00162820000000000
-0.00256400000000000
-0.00320050000000000
-0.00215320000000000
-0.00160310000000000
-0.00220220000000000
-0.00234150000000000
-0.00174560000000000
-0.00128480000000000
-0.00120690000000000
-0.00239860000000000
-0.00318670000000000
0.00410040000000000
0.0246100000000000
0.0462370000000000
0.0475560000000000
0.0252420000000000
0.00219600000000000
-0.00187320000000000
0.00117400000000000
-0.0119110000000000
-0.0389670000000000
-0.0528280000000000
-0.0404110000000000
-0.0160410000000000
-0.000269450000000000
0.00148830000000000
-0.00739800000000000
-0.0225840000000000
-0.0372880000000000
-0.0445080000000000
-0.0451790000000000
-0.0449400000000000
-0.0448820000000000
-0.0438740000000000
-0.0440850000000000
-0.0462570000000000
-0.0444860000000000
-0.0338370000000000
-0.0166310000000000
0.00293730000000000
0.0231300000000000
0.0396220000000000
0.0470040000000000
0.0471170000000000
0.0466670000000000
0.0461240000000000
0.0409480000000000
0.0310450000000000
0.0208370000000000
0.0120010000000000
0.00468870000000000
0.000767300000000000
0.000934060000000000
0.00228320000000000
0.00250830000000000
0.00208090000000000
0.00177720000000000
0.00191530000000000
0.00283860000000000
0.00318250000000000
0.000804100000000000
0.000600120000000000
0.0120860000000000
0.0344790000000000
0.0514950000000000
0.0495680000000000
0.0317710000000000
0.0123420000000000
0.00215590000000000
0.00185970000000000
0.00420860000000000
0.00286820000000000
0.00125010000000000
0.00777450000000000
0.0208730000000000
0.0263440000000000
0.0174180000000000
0.00499260000000000
0.00141670000000000
0.00401330000000000
0.00450740000000000
0.00284590000000000
0.00326000000000000
0.00456560000000000
0.00389180000000000
0.00303090000000000
0.00403710000000000
0.00466880000000000
0.00358590000000000
0.00332570000000000
0.00461550000000000
0.00501190000000000
0.00355030000000000
0.00136780000000000
-0.00293050000000000
-0.00978330000000000
-0.0138920000000000
-0.00939240000000000
-9.34980000000000e-05
0.00555410000000000
0.00580520000000000
0.00421520000000000
0.00314570000000000
0.00565850000000000
0.0148900000000000
0.0257800000000000
0.0290370000000000
0.0261070000000000
0.0268240000000000
0.0300450000000000
0.0243370000000000
0.0119620000000000
0.0102250000000000
0.0220890000000000
0.0283160000000000
0.0183490000000000
0.00548180000000000
0.00308330000000000
0.00604040000000000
0.00571290000000000
0.00407480000000000
0.00502330000000000
0.00576920000000000
0.00485760000000000
0.00562120000000000
0.00520000000000000
-0.00592970000000000
-0.0273380000000000
-0.0436420000000000
-0.0414700000000000
-0.0234270000000000
-0.00271880000000000
0.00860660000000000
0.00801040000000000
0.00265010000000000
0.00393060000000000
0.0151230000000000
0.0263920000000000
0.0258350000000000
0.0148140000000000
0.00509020000000000
0.00402620000000000
0.00714680000000000
0.00447970000000000
-0.00725240000000000
-0.0187790000000000
-0.0182640000000000
-0.00688010000000000
0.00247760000000000
0.00453790000000000
0.0101440000000000
0.0274220000000000
0.0464430000000000
0.0536290000000000
0.0516490000000000
0.0498380000000000
0.0468520000000000
0.0358300000000000
0.0196710000000000
0.00561190000000000
-0.00600730000000000
-0.0167240000000000
-0.0191480000000000
-0.00867680000000000
0.00267850000000000
-0.00179070000000000
-0.0193590000000000
-0.0337020000000000
-0.0380940000000000
-0.0396840000000000
-0.0410230000000000
-0.0361460000000000
-0.0247210000000000
-0.0163920000000000
-0.0157640000000000
-0.0171940000000000
-0.0164280000000000
-0.0162460000000000
-0.0178000000000000
-0.0163750000000000
-0.00929270000000000
0.000737310000000000
0.0107250000000000
0.0202920000000000
0.0271880000000000
0.0292890000000000
0.0287700000000000
0.0283980000000000
0.0253430000000000
0.0150010000000000
-0.000583030000000000
-0.0156430000000000
-0.0275040000000000
-0.0367640000000000
-0.0413970000000000
-0.0402990000000000
-0.0378250000000000
-0.0389870000000000
-0.0415820000000000
-0.0400650000000000
-0.0337820000000000
-0.0244420000000000
-0.0110490000000000
0.00645580000000000
0.0201190000000000
0.0217700000000000
0.0134560000000000
0.00527600000000000
0.00287890000000000
0.00489800000000000
0.00718640000000000
0.00539140000000000
-0.00254440000000000
-0.0128300000000000
-0.0186860000000000
-0.0188540000000000
-0.0173680000000000
-0.0170530000000000
-0.0175180000000000
-0.0187110000000000
-0.0190610000000000
-0.0143390000000000
-0.00394320000000000
0.00478260000000000
0.00615570000000000
0.00376190000000000
0.00354580000000000
0.00488010000000000
0.00466460000000000
0.00366130000000000
0.00390310000000000
0.00450070000000000
0.00411240000000000
0.00363110000000000
0.00387350000000000
0.00406910000000000
0.00378280000000000
0.00357160000000000
0.00363310000000000
0.00367360000000000
0.00359170000000000
0.00340430000000000
0.00325460000000000
0.00338140000000000
0.00346770000000000
0.00307350000000000
0.00281330000000000
0.00323320000000000
0.00330160000000000
0.00249270000000000
0.00235690000000000
0.00324450000000000
0.00298460000000000
0.00155150000000000
0.00203380000000000
0.00413270000000000
0.00216190000000000
-0.00631830000000000
-0.0161990000000000
-0.0217490000000000
-0.0229250000000000
-0.0202910000000000
-0.0129900000000000
-0.00327760000000000
0.00285060000000000
0.00360980000000000
0.000728220000000000
-0.00570780000000000
-0.0156570000000000
-0.0232790000000000
-0.0234880000000000
-0.0201780000000000
-0.0209550000000000
-0.0241870000000000
-0.0213080000000000
-0.0108840000000000
-0.00141020000000000
0.00117270000000000
4.36970000000000e-06
-0.000347210000000000
4.96410000000000e-05
-0.000279400000000000
-0.000645560000000000
-0.000371730000000000
-0.000372440000000000
-0.000946300000000000
-0.000991670000000000
-0.000566610000000000
-0.000928740000000000
-0.00159570000000000
-0.00120920000000000
-0.000781540000000000
-0.00168420000000000
-0.00219480000000000
-0.00108760000000000
-0.00130150000000000
-0.00334020000000000
-0.000999810000000000
0.0101100000000000
0.0246770000000000
0.0358920000000000
0.0429880000000000
0.0459480000000000
0.0398780000000000
0.0240020000000000
0.00685360000000000
-0.00505230000000000
-0.0137630000000000
-0.0191730000000000
-0.0153820000000000
-0.00478960000000000
-0.000600340000000000
-0.00998110000000000
-0.0258480000000000
-0.0391370000000000
-0.0479990000000000
-0.0508720000000000
-0.0440500000000000
-0.0291880000000000
-0.0149330000000000
-0.00662810000000000
-0.00383340000000000
-0.00436100000000000
-0.00581210000000000
-0.00545280000000000
-0.00424630000000000
-0.00535710000000000
-0.00732550000000000
-0.00476860000000000
0.00253100000000000
0.0111900000000000
0.0214010000000000
0.0319020000000000
0.0335550000000000
0.0228130000000000
0.0108810000000000
0.00621800000000000
-0.00121490000000000
-0.0212140000000000
-0.0402540000000000
-0.0371880000000000
-0.0163120000000000
-0.00210920000000000
-0.00462250000000000
-0.0108060000000000
-0.00897210000000000
-0.00445030000000000
-0.00658520000000000
-0.0122900000000000
-0.00890690000000000
0.00768310000000000
0.0274100000000000
0.0382390000000000
0.0397900000000000
0.0368850000000000
0.0289780000000000
0.0133630000000000
-0.00504850000000000
-0.0169650000000000
-0.0191080000000000
-0.0151270000000000
-0.0104930000000000
-0.00837120000000000
-0.00972730000000000
-0.0108000000000000
-0.00589440000000000
0.00501490000000000
0.0141330000000000
0.0151010000000000
0.00850180000000000
-0.00123630000000000
-0.00924090000000000
-0.0121360000000000
-0.0107490000000000
-0.00949090000000000
-0.0107710000000000
-0.0123860000000000
-0.0104200000000000
-0.00381950000000000
0.00584780000000000
0.0160590000000000
0.0251880000000000
0.0317940000000000
0.0348890000000000
0.0341530000000000
0.0320380000000000
0.0323610000000000
0.0349470000000000
0.0334290000000000
0.0244180000000000
0.0143680000000000
0.00988490000000000
0.00626710000000000
-0.00340060000000000
-0.0136900000000000
-0.0144910000000000
-0.0101610000000000
-0.0150680000000000
-0.0283110000000000
-0.0316740000000000
-0.0194030000000000
-0.00922420000000000
-0.0126350000000000
-0.0176950000000000
-0.0124850000000000
-0.00416190000000000
0.000297430000000000
0.00907230000000000
0.0273000000000000
0.0439270000000000
0.0512510000000000
0.0552770000000000
0.0573830000000000
0.0499240000000000
0.0342630000000000
0.0198460000000000
0.00881800000000000
0.00135590000000000
0.00550080000000000
0.0206710000000000
0.0224900000000000