-0.00592980000000000
-0.0160840000000000
-0.0229910000000000
-0.0264730000000000
-0.0273000000000000
-0.0250510000000000
-0.0384030000000000
-0.0817710000000000
-0.110880000000000
-0.0769530000000000
-0.0143690000000000
0.00416220000000000
-0.0107740000000000
0.0141840000000000
0.0729030000000000
0.0800400000000000
0.00365740000000000
-0.101960000000000
-0.188450000000000
-0.217260000000000
-0.134740000000000
0.0273110000000000
0.115440000000000
0.0540380000000000
-0.0137120000000000
0.0501980000000000
0.156190000000000
0.145750000000000
0.0493010000000000
-0.000737180000000000
0.0127170000000000
0.00473410000000000
-0.0501290000000000
-0.115600000000000
-0.172980000000000
-0.231690000000000
-0.253840000000000
-0.174260000000000
0.0262550000000000
0.249390000000000
0.318910000000000
0.144010000000000
-0.105970000000000
-0.130060000000000
0.122890000000000
0.338560000000000
0.230250000000000
-0.0914800000000000
-0.289760000000000
-0.241090000000000
-0.0892160000000000
0.0152930000000000
0.0382850000000000
0.0129010000000000
0.0164120000000000
0.119830000000000
0.225580000000000
0.147020000000000
-0.0928550000000000
-0.189340000000000
-0.00270100000000000
0.216860000000000
0.201720000000000
0.0691870000000000
0.0759730000000000
0.214570000000000
0.251120000000000
0.0908690000000000
-0.107730000000000
-0.169830000000000
-0.120720000000000
-0.0935130000000000
-0.0910870000000000
-0.0288030000000000
0.0610420000000000
0.0333470000000000
-0.107430000000000
-0.104230000000000
0.150790000000000
0.399570000000000
0.324610000000000
0.0447320000000000
-0.139200000000000
-0.0768140000000000
0.0670830000000000
0.0996260000000000
-0.0256170000000000
-0.122480000000000
-0.0474860000000000
0.146460000000000
0.252450000000000
0.194150000000000
0.139320000000000
0.212150000000000
0.315390000000000
0.317690000000000
0.272130000000000
0.204710000000000
0.0404700000000000
-0.237970000000000
-0.433090000000000
-0.352630000000000
-0.112520000000000
-0.0303450000000000
-0.198960000000000
-0.330720000000000
-0.146470000000000
0.233510000000000
0.435060000000000
0.362780000000000
0.333940000000000
0.603660000000000
0.955240000000000
0.912620000000000
0.300680000000000
-0.518280000000000
-1.00320000000000
-0.924660000000000
-0.550800000000000
-0.358100000000000
-0.571750000000000
-0.889500000000000
-0.875020000000000
-0.538420000000000
-0.303170000000000
-0.287250000000000
-0.00690370000000000
0.843250000000000
1.64090000000000
1.45200000000000
0.402810000000000
-0.343000000000000
-0.0525970000000000
0.685210000000000
0.823970000000000
0.135230000000000
-0.696480000000000
-0.993860000000000
-0.684080000000000
-0.124700000000000
0.279520000000000
0.286170000000000
-0.0604450000000000
-0.449600000000000
-0.515500000000000
-0.169800000000000
0.277590000000000
0.348050000000000
-0.122980000000000
-0.767640000000000
-1.04810000000000
-0.815690000000000
-0.383210000000000
-0.0747070000000000
0.0989840000000000
0.290940000000000
0.456750000000000
0.506180000000000
0.515450000000000
0.563880000000000
0.464530000000000
0.116320000000000
-0.246780000000000
-0.286230000000000
-0.146150000000000
-0.287850000000000
-0.808460000000000
-1.23670000000000
-1.22020000000000
-0.881390000000000
-0.502380000000000
-0.216330000000000
-0.0703670000000000
-0.165600000000000
-0.499580000000000
-0.836340000000000
-0.954660000000000
-0.965760000000000
-1.16010000000000
-1.56550000000000
-1.88000000000000
-1.86530000000000
-1.69870000000000
-1.67270000000000
-1.70310000000000
-1.32130000000000
-0.304000000000000
1.02020000000000
2.04930000000000
2.55810000000000
2.80360000000000
3.11070000000000
3.38180000000000
3.25060000000000
2.60160000000000
1.74660000000000
1.04700000000000
0.584940000000000
0.330390000000000
0.301680000000000
0.355570000000000
0.203740000000000
-0.162550000000000
-0.406280000000000
-0.394070000000000
-0.324120000000000
-0.248880000000000
0.0756800000000000
0.662700000000000
1.07560000000000
1.00560000000000
0.698890000000000
0.526190000000000
0.469550000000000
0.326270000000000
0.0830760000000000
-0.132530000000000
-0.240640000000000
-0.258030000000000
-0.257400000000000
-0.283040000000000
-0.277020000000000
-0.164070000000000
0.0634050000000000
0.377890000000000
0.750330000000000
1.08980000000000
1.27060000000000
1.32220000000000
1.43730000000000
1.61720000000000
1.56490000000000
1.16760000000000
0.709020000000000
0.386160000000000
0.0383360000000000
-0.457270000000000
-0.975140000000000
-1.41250000000000
-1.78520000000000
-1.94920000000000
-1.66530000000000
-1.06360000000000
-0.609990000000000
-0.483720000000000
-0.402610000000000
-0.170110000000000
0.0524030000000000
0.0773290000000000
-0.0204680000000000
-0.0367060000000000
0.124800000000000
0.372950000000000
0.476690000000000
0.229190000000000
-0.353460000000000
-0.952270000000000
-1.17220000000000
-0.858730000000000
-0.210560000000000
0.428020000000000
0.824410000000000
0.959210000000000
0.926160000000000
0.797450000000000
0.583240000000000
0.244780000000000
-0.243070000000000
-0.786150000000000
-1.18410000000000
-1.36180000000000
-1.47070000000000
-1.67210000000000
-1.91880000000000
-2.03730000000000
-1.97460000000000
-1.87270000000000
-1.88910000000000
-1.96190000000000
-1.78640000000000
-1.09820000000000
-0.0336160000000000
0.841940000000000
1.01840000000000
0.515450000000000
-0.149170000000000
-0.437560000000000
-0.247120000000000
0.0368030000000000
-0.0221360000000000
-0.432960000000000
-0.839260000000000
-0.984490000000000
-0.921400000000000
-0.767210000000000
-0.509640000000000
-0.162540000000000
0.125700000000000
0.267990000000000
0.362040000000000
0.487250000000000
0.580930000000000
0.593810000000000
0.564200000000000
0.465630000000000
0.169310000000000
-0.333620000000000
-0.842260000000000
-1.13040000000000
-1.09270000000000
-0.699500000000000
-0.0307230000000000
0.635050000000000
1.03030000000000
1.23760000000000
1.58640000000000
2.14840000000000
2.60920000000000
2.73630000000000
2.67250000000000
2.62270000000000
2.48600000000000
2.08460000000000
1.53050000000000
1.13600000000000
0.955370000000000
0.747150000000000
0.335770000000000
-0.147890000000000
-0.497620000000000
-0.679390000000000
-0.792210000000000
-0.872430000000000
-0.897940000000000
-0.909420000000000
-0.985410000000000
-1.11880000000000
-1.21850000000000
-1.21660000000000
-1.11440000000000
-0.944490000000000
-0.732480000000000
-0.483540000000000
-0.196500000000000
0.0879780000000000
0.263680000000000
0.270690000000000
0.223820000000000
0.298220000000000
0.511050000000000
0.740510000000000
0.912510000000000
1.00750000000000
0.960190000000000
0.752950000000000
0.541670000000000
0.478720000000000
0.449920000000000
0.228840000000000
-0.175110000000000
-0.548310000000000
-0.786320000000000
-0.914550000000000
-0.886750000000000
-0.644500000000000
-0.315250000000000
-0.110320000000000
-0.0707990000000000
-0.114310000000000
-0.236230000000000
-0.476640000000000
-0.755060000000000
-0.949930000000000
-1.09200000000000
-1.30790000000000
-1.59140000000000
-1.78740000000000
-1.77510000000000
-1.50760000000000
-0.966450000000000
-0.244750000000000
0.371790000000000
0.680180000000000
0.830110000000000
1.10600000000000
1.47520000000000
1.66310000000000
1.62000000000000
1.55680000000000
1.50950000000000
1.27810000000000
0.872440000000000
0.575150000000000
0.476710000000000
0.364050000000000
0.162810000000000
0.0502210000000000
0.0889760000000000
0.134160000000000
0.168710000000000
0.330480000000000
0.556430000000000
0.571930000000000
0.328950000000000
0.107420000000000
0.0803430000000000
0.115980000000000
0.0730930000000000
0.00412870000000000
-0.0218330000000000
-0.0497540000000000
-0.107240000000000
-0.119650000000000
-0.0325710000000000
0.109660000000000
0.266970000000000
0.455730000000000
0.655060000000000
0.775260000000000
0.770200000000000
0.690200000000000
0.571450000000000
0.374540000000000
0.0945230000000000
-0.163990000000000
-0.322230000000000
-0.445460000000000
-0.620460000000000
-0.780640000000000
-0.771280000000000
-0.569170000000000
-0.326890000000000
-0.190700000000000
-0.157450000000000
-0.149140000000000
-0.143690000000000
-0.180610000000000
-0.280460000000000
-0.419670000000000
-0.563990000000000
-0.689180000000000
-0.783790000000000
-0.860980000000000
-0.959350000000000
-1.09910000000000
-1.23820000000000
-1.30290000000000
-1.26380000000000
-1.15080000000000
-1.00160000000000
-0.838470000000000
-0.679320000000000
-0.524660000000000
-0.354060000000000
-0.176820000000000
-0.0689790000000000
-0.101660000000000
-0.242080000000000
-0.379690000000000
-0.448330000000000
-0.456060000000000
-0.413750000000000
-0.313930000000000
-0.175280000000000
-0.0325430000000000
0.108410000000000
0.258260000000000
0.390280000000000
0.466730000000000
0.503600000000000
0.547140000000000
0.595080000000000
0.611410000000000
0.598140000000000
0.592310000000000
0.614600000000000
0.661850000000000
0.726270000000000
0.783540000000000
0.789890000000000
0.736900000000000
0.680210000000000
0.670920000000000
0.697560000000000
0.725750000000000
0.744630000000000
0.743770000000000
0.699980000000000
0.618520000000000
0.557560000000000
0.572180000000000
0.651780000000000
0.743110000000000
0.814440000000000
0.879720000000000
0.971050000000000
1.09860000000000
1.22940000000000
1.31410000000000
1.33130000000000
1.29150000000000
1.20400000000000
1.05790000000000
0.850570000000000
0.607890000000000
0.379320000000000
0.195600000000000
0.0446640000000000
-0.119260000000000
-0.309380000000000
-0.486670000000000
-0.605230000000000
-0.671430000000000
-0.718070000000000
-0.751780000000000
-0.770360000000000
-0.811630000000000
-0.919090000000000
-1.07000000000000
-1.19790000000000
-1.27660000000000
-1.33260000000000
-1.37470000000000
-1.38300000000000
-1.36730000000000
-1.37100000000000
-1.37780000000000
-1.29000000000000
-1.04480000000000
-0.717970000000000
-0.454180000000000
-0.308590000000000
-0.220220000000000
-0.125420000000000
-0.0406720000000000
-0.0220040000000000
-0.0911850000000000
-0.216570000000000
-0.348290000000000
-0.454190000000000
-0.531310000000000
-0.596140000000000
-0.668900000000000
-0.750180000000000
-0.821820000000000
-0.857620000000000
-0.844980000000000
-0.797000000000000
-0.751760000000000
-0.740470000000000
-0.761520000000000
-0.777620000000000
-0.735470000000000
-0.604510000000000
-0.413120000000000
-0.228740000000000
-0.0918030000000000
0.0205460000000000
0.149820000000000
0.289340000000000
0.382990000000000
0.400990000000000
0.387700000000000
0.416810000000000
0.505980000000000
0.601200000000000
0.639420000000000
0.615410000000000
0.577450000000000
0.584770000000000
0.664460000000000
0.790810000000000
0.897540000000000
0.941420000000000
0.944540000000000
0.949200000000000
0.949690000000000
0.914120000000000
0.856280000000000
0.821840000000000
0.811760000000000
0.780530000000000
0.714620000000000
0.652320000000000
0.626260000000000
0.632340000000000
0.654030000000000
0.676180000000000
0.681410000000000
0.661960000000000
0.634660000000000
0.617310000000000
0.601520000000000
0.564810000000000
0.509560000000000
0.459490000000000
0.430010000000000
0.415920000000000
0.407060000000000
0.397130000000000
0.380300000000000
0.348140000000000
0.297000000000000
0.237200000000000
0.182040000000000
0.131620000000000
0.0770020000000000
0.0174820000000000
-0.0417220000000000
-0.101620000000000
-0.172750000000000
-0.262940000000000
-0.371410000000000
-0.486910000000000
-0.587660000000000
-0.648280000000000
-0.664530000000000
-0.656300000000000
-0.642570000000000
-0.619130000000000
-0.576160000000000
-0.511970000000000
-0.435100000000000
-0.356610000000000
-0.299200000000000
-0.289530000000000
-0.336160000000000
-0.421200000000000
-0.522240000000000
-0.627770000000000
-0.724650000000000
-0.792210000000000
-0.816340000000000
-0.810280000000000
-0.797810000000000
-0.779220000000000
-0.726650000000000
-0.628510000000000
-0.509890000000000
-0.407730000000000
-0.331400000000000
-0.267440000000000
-0.208400000000000
-0.170100000000000
-0.170140000000000
-0.214700000000000
-0.296480000000000
-0.394000000000000
-0.468520000000000
-0.486190000000000
-0.440350000000000
-0.349740000000000
-0.238810000000000
-0.130170000000000
-0.0539340000000000
-0.0363550000000000
-0.0712020000000000
-0.117310000000000
-0.142300000000000
-0.146810000000000
-0.152600000000000
-0.171470000000000
-0.191710000000000
-0.176040000000000
-0.0935630000000000
0.0441730000000000
0.180950000000000
0.277880000000000
0.347940000000000
0.420020000000000
0.486340000000000
0.531010000000000
0.570430000000000
0.624100000000000
0.659570000000000
0.625330000000000
0.524640000000000
0.418780000000000
0.352450000000000
0.312690000000000
0.262840000000000
0.199560000000000
0.149540000000000
0.139320000000000
0.168780000000000
0.211630000000000
0.226980000000000
0.204570000000000
0.187360000000000
0.228670000000000
0.318880000000000
0.389620000000000
0.399220000000000
0.379130000000000
0.375490000000000
0.384130000000000
0.374760000000000
0.343750000000000
0.305540000000000
0.264500000000000
0.228920000000000
0.219260000000000
0.235460000000000
0.240050000000000
0.202070000000000
0.138010000000000
0.0940900000000000
0.106600000000000
0.184230000000000
0.299190000000000
0.382340000000000
0.373480000000000
0.289650000000000
0.210120000000000
0.182100000000000
0.179850000000000
0.158510000000000
0.114570000000000
0.0708870000000000
0.0424280000000000
0.0304520000000000
0.0386210000000000
0.0624680000000000
0.0954340000000000
0.138900000000000
0.187190000000000
0.200590000000000
0.141480000000000
0.0337380000000000
-0.0510920000000000
-0.0794590000000000
-0.0931150000000000
-0.141750000000000
-0.217940000000000
-0.280340000000000
-0.309580000000000
-0.308420000000000
-0.284390000000000
-0.256150000000000
-0.258400000000000
-0.299810000000000
-0.334470000000000
-0.306590000000000
-0.223730000000000
-0.153550000000000
-0.148210000000000
-0.198030000000000
-0.258290000000000
-0.299690000000000
-0.318480000000000
-0.322250000000000
-0.317780000000000
-0.311340000000000
-0.305180000000000
-0.298200000000000
-0.286700000000000
-0.267370000000000
-0.243340000000000
-0.234300000000000
-0.260160000000000
-0.313470000000000
-0.360070000000000
-0.384980000000000
-0.404740000000000
-0.436790000000000
-0.472810000000000
-0.503060000000000
-0.529890000000000
-0.547690000000000
-0.535760000000000
-0.490470000000000
-0.432470000000000
-0.359030000000000
-0.234430000000000
-0.0473710000000000
0.149440000000000
0.284840000000000
0.329980000000000
0.304010000000000
0.243080000000000
0.181810000000000
0.148090000000000
0.149180000000000
0.170710000000000
0.187560000000000
0.190000000000000
0.197220000000000
0.239760000000000
0.311670000000000
0.370310000000000
0.389240000000000
0.390790000000000
0.402960000000000
0.414800000000000
0.406480000000000
0.390770000000000
0.379280000000000
0.344500000000000
0.263710000000000
0.164080000000000
0.0882870000000000
0.0437370000000000
0.0191010000000000
0.0173920000000000
0.0427710000000000
0.0781850000000000
0.109800000000000
0.140910000000000
0.169700000000000
0.184500000000000
0.189770000000000
0.193300000000000
0.176210000000000
0.118260000000000
0.0508770000000000
0.0306880000000000
0.0555940000000000
0.0570530000000000
-0.0124950000000000
-0.126290000000000
-0.225810000000000
-0.277070000000000
-0.277060000000000
-0.239160000000000
-0.190980000000000
-0.158990000000000
-0.146690000000000
-0.132730000000000
-0.0987610000000000
-0.0438070000000000
0.0142620000000000
0.0555850000000000
0.0679520000000000
0.0520120000000000
0.0117240000000000
-0.0439990000000000
-0.0933700000000000
-0.105480000000000
-0.0706080000000000
-0.0206740000000000
0.00672320000000000
0.0170360000000000
0.0467670000000000
0.101470000000000
0.143750000000000
0.146710000000000
0.126040000000000
0.107450000000000
0.0899960000000000
0.0626180000000000
0.0329910000000000
0.0180310000000000
0.0113320000000000
-0.00889210000000000
-0.0448130000000000
-0.0705760000000000
-0.0674340000000000
-0.0409330000000000
-0.00879580000000000
0.0203190000000000
0.0446730000000000
0.0640980000000000
0.0776360000000000
0.0859360000000000
0.0834170000000000
0.0633580000000000
0.0373230000000000
0.0286590000000000
0.0339220000000000
0.0156830000000000
-0.0434930000000000
-0.105960000000000
-0.120910000000000
-0.0892600000000000
-0.0551580000000000
-0.0413490000000000
-0.0262790000000000
0.00925500000000000
0.0425670000000000
0.0393380000000000
0.00167740000000000
-0.0335590000000000
-0.0406350000000000
-0.0274800000000000
-0.0133450000000000
-0.00369810000000000
0.00122640000000000
-0.00939510000000000
-0.0425130000000000
-0.0783670000000000
-0.0798340000000000
-0.0292080000000000
0.0430780000000000
0.0805680000000000
0.0576160000000000
0.0130450000000000
0.00459730000000000
0.0422030000000000
0.0848190000000000
0.101270000000000
0.0903870000000000
0.0553460000000000
0.00280350000000000
-0.0306220000000000
-0.0102730000000000
0.0373890000000000
0.0443350000000000
-0.00845690000000000
-0.0657180000000000
-0.0728170000000000
-0.0325650000000000
0.0161240000000000
0.0360040000000000
0.00919010000000000
-0.0514180000000000
-0.102650000000000
-0.109500000000000
-0.0723270000000000
-0.0202570000000000
0.0164770000000000
0.0139480000000000
-0.0362870000000000
-0.111710000000000
-0.167500000000000
-0.176700000000000
-0.157320000000000
-0.145660000000000
-0.161130000000000
-0.188360000000000
-0.193320000000000
-0.154480000000000
-0.0918340000000000
-0.0508080000000000
-0.0536550000000000
-0.0774750000000000
-0.0848840000000000
-0.0701730000000000
-0.0540100000000000
-0.0500180000000000
-0.0485460000000000
-0.0373720000000000
-0.0170330000000000
0.000822800000000000
0.00820720000000000
0.0131770000000000
0.0332410000000000
0.0722380000000000
0.114140000000000
0.143950000000000
0.163520000000000
0.174250000000000
0.169010000000000
0.152790000000000
0.152790000000000
0.177970000000000
0.194020000000000
0.166990000000000
0.116520000000000
0.0918850000000000
0.108640000000000
0.134770000000000
0.137510000000000
0.116190000000000
0.0979660000000000
0.101650000000000
0.116770000000000
0.112090000000000
0.0758930000000000
0.0309100000000000
0.0116850000000000
0.0294950000000000
0.0661550000000000
0.0897330000000000
0.0772400000000000
0.0354480000000000
0.00287950000000000
0.0114620000000000
0.0509600000000000
0.0819520000000000
0.0773900000000000
0.0398170000000000
-0.00700570000000000
-0.0316790000000000
-0.0213590000000000
-0.00131970000000000
-0.00576410000000000
-0.0277330000000000
-0.0291710000000000
-0.00727730000000000
0.00217950000000000
-0.0185950000000000
-0.0453640000000000
-0.0610390000000000
-0.0779700000000000
-0.107860000000000
-0.144440000000000
-0.177440000000000
-0.199440000000000
-0.192230000000000
-0.153100000000000
-0.113010000000000
-0.112490000000000
-0.150620000000000
-0.193890000000000
-0.215020000000000
-0.212160000000000
-0.197730000000000
-0.188760000000000
-0.196660000000000
-0.211240000000000
-0.214590000000000
-0.204580000000000
-0.194530000000000
-0.188250000000000
-0.180890000000000
-0.165160000000000
-0.132150000000000
-0.0769880000000000
-0.0185020000000000
0.00879680000000000
-0.000200600000000000
-0.00862060000000000
0.0150970000000000
0.0569230000000000
0.0864970000000000
0.0943320000000000
0.0887210000000000
0.0851100000000000
0.108460000000000
0.175280000000000
0.251480000000000
0.275360000000000
0.226540000000000
0.149290000000000
0.0934470000000000
0.0739760000000000
0.0871180000000000
0.124220000000000
0.159610000000000
0.158670000000000
0.125610000000000
0.106070000000000
0.131510000000000
0.187330000000000
0.244070000000000
0.283240000000000
0.287350000000000
0.247930000000000
0.187140000000000
0.140120000000000
0.112160000000000
0.0812980000000000
0.0421630000000000
0.0135190000000000
0.00278830000000000
-0.00673460000000000
-0.0240690000000000
-0.0320290000000000
-0.0142700000000000
0.0203510000000000
0.0461820000000000
0.0473710000000000
0.0291000000000000
0.00166010000000000
-0.0356460000000000
-0.0855930000000000
-0.130530000000000
-0.151570000000000
-0.155480000000000
-0.168820000000000
-0.196530000000000
-0.217020000000000
-0.210130000000000
-0.178500000000000
-0.138850000000000
-0.113980000000000
-0.123020000000000
-0.160110000000000
-0.197600000000000
-0.217980000000000
-0.229730000000000
-0.238570000000000
-0.240350000000000
-0.238410000000000
-0.244900000000000
-0.249800000000000
-0.231320000000000
-0.189340000000000
-0.143540000000000
-0.0983420000000000
-0.0504470000000000
-0.0181510000000000
-0.0161270000000000
-0.0136100000000000
0.0302840000000000
0.0905400000000000
0.100290000000000
0.0465880000000000
-0.0161390000000000
-0.0528770000000000
-0.0826390000000000
-0.115680000000000
-0.126360000000000
-0.105840000000000
-0.0816440000000000
-0.0630730000000000
-0.0212540000000000
0.0521950000000000
0.112720000000000
0.121850000000000
0.0936610000000000
0.0668540000000000
0.0547190000000000
0.0566640000000000
0.0705650000000000
0.0900480000000000
0.0971480000000000
0.0865880000000000
0.0711430000000000
0.0664080000000000
0.0772500000000000
0.107780000000000
0.156530000000000
0.205380000000000
0.226910000000000
0.216230000000000
0.192220000000000
0.172720000000000
0.154300000000000
0.128480000000000
0.0961170000000000
0.0683030000000000
0.0570750000000000
0.0704660000000000
0.103650000000000
0.136630000000000
0.152450000000000
0.151200000000000
0.142500000000000
0.127920000000000
0.107850000000000
0.0862720000000000
0.0645080000000000
0.0361660000000000
0.00193930000000000
-0.0281790000000000
-0.0490190000000000
-0.0643250000000000
-0.0693840000000000
-0.0518920000000000
-0.0101150000000000
0.0424450000000000
0.0954550000000000
0.140920000000000
0.163250000000000
0.150300000000000
0.120470000000000
0.102390000000000
0.0939920000000000
0.0651490000000000
0.0107260000000000
-0.0414460000000000
-0.0675030000000000
-0.0794850000000000
-0.0957360000000000
-0.114650000000000
-0.117770000000000
-0.104050000000000
-0.0875670000000000
-0.0812170000000000
-0.0812630000000000
-0.0793250000000000
-0.0743240000000000
-0.0763150000000000
-0.0922690000000000
-0.118090000000000
-0.144350000000000
-0.161820000000000
-0.162300000000000
-0.142990000000000
-0.111910000000000
-0.0763500000000000
-0.0339000000000000
0.0149140000000000
0.0550340000000000
0.0735480000000000
0.0762010000000000
0.0699490000000000
0.0496180000000000
0.0146980000000000
-0.0162310000000000
-0.0316970000000000
-0.0406150000000000
-0.0494590000000000
-0.0482260000000000
-0.0387980000000000
-0.0358740000000000
-0.0354060000000000
-0.0135690000000000
0.0294170000000000
0.0651320000000000
0.0792050000000000
0.0816540000000000
0.0793970000000000
0.0664940000000000
0.0518310000000000
0.0470880000000000
0.0443500000000000
0.0265170000000000
0.00936970000000000
0.0221420000000000
0.0636120000000000
0.0957110000000000
0.0907920000000000
0.0598010000000000
0.0388480000000000
0.0503020000000000
0.0851280000000000
0.111870000000000
0.105250000000000
0.0681210000000000
0.0269900000000000
0.00739810000000000
0.0126310000000000
0.0292130000000000
0.0403800000000000
0.0379540000000000
0.0211510000000000
-0.00477860000000000
-0.0289770000000000
-0.0416830000000000
-0.0416060000000000
-0.0408560000000000
-0.0448410000000000
-0.0509730000000000
-0.0571650000000000
-0.0709960000000000
-0.0878780000000000
-0.0945980000000000
-0.0824800000000000
-0.0611040000000000
-0.0421300000000000
-0.0326200000000000
-0.0322400000000000
-0.0376850000000000
-0.0355950000000000
-0.0174160000000000
0.00699920000000000
0.0135160000000000
-0.00959400000000000
-0.0548200000000000
-0.0975500000000000
-0.112390000000000
-0.0942420000000000
-0.0740170000000000
-0.0871620000000000
-0.128870000000000
-0.158340000000000
-0.153900000000000
-0.131510000000000
-0.109280000000000
-0.0877530000000000
-0.0665190000000000
-0.0481890000000000
-0.0248100000000000
0.0113960000000000
0.0418940000000000
0.0423480000000000
0.0188630000000000
0.000524290000000000
-0.00500070000000000
-0.00555110000000000
0.00205630000000000
0.0261790000000000
0.0529370000000000
0.0635550000000000
0.0686650000000000
0.0956760000000000
0.146220000000000
0.188100000000000
0.193680000000000
0.171500000000000
0.157840000000000
0.173620000000000
0.199250000000000
0.201090000000000
0.174110000000000
0.144170000000000
0.130230000000000
0.128920000000000
0.131730000000000
0.138510000000000
0.145390000000000
0.149510000000000
0.156080000000000
0.164620000000000
0.158890000000000
0.133010000000000
0.105340000000000
0.0894670000000000
0.0715180000000000
0.0374160000000000
0.000632870000000000
-0.0181020000000000
-0.0207540000000000
-0.0240350000000000
-0.0380370000000000
-0.0607760000000000
-0.0808570000000000
-0.0842160000000000
-0.0695730000000000
-0.0557540000000000
-0.0597480000000000
-0.0762240000000000
-0.0920730000000000
-0.110050000000000
-0.133970000000000
-0.154090000000000
-0.159070000000000
-0.155330000000000
-0.154120000000000
-0.159840000000000
-0.171650000000000
-0.187220000000000
-0.197920000000000
-0.197760000000000
-0.200630000000000
-0.224790000000000
-0.261140000000000
-0.275640000000000
-0.257370000000000
-0.234420000000000
-0.230120000000000
-0.232130000000000
-0.221350000000000
-0.201030000000000
-0.176460000000000
-0.143730000000000
-0.109910000000000
-0.100750000000000
-0.118870000000000
-0.131840000000000
-0.118720000000000
-0.100930000000000
-0.0958710000000000
-0.0864620000000000
-0.0609720000000000
-0.0370010000000000
-0.0253140000000000
-0.00945780000000000
0.0171020000000000
0.0418080000000000
0.0616280000000000
0.0885560000000000
0.113310000000000
0.113590000000000
0.0964380000000000
0.0896460000000000
0.0924350000000000
0.0866410000000000
0.0828770000000000
0.102630000000000
0.135520000000000
0.157980000000000
0.176740000000000
0.207090000000000
0.234090000000000
0.231260000000000
0.209330000000000
0.197480000000000
0.199720000000000
0.201680000000000
0.205770000000000
0.219050000000000
0.232350000000000
0.233290000000000
0.229680000000000
0.233870000000000
0.239900000000000
0.227850000000000
0.192100000000000
0.144980000000000
0.102190000000000
0.0720840000000000
0.0570240000000000
0.0535280000000000
0.0536020000000000
0.0483250000000000
0.0343220000000000
0.0187300000000000
0.0119430000000000
0.0155910000000000
0.0255070000000000
0.0397660000000000
0.0538770000000000
0.0527530000000000
0.0270600000000000
-0.00724130000000000
-0.0254520000000000
-0.0293880000000000
-0.0388590000000000
-0.0534180000000000
-0.0547090000000000
-0.0433730000000000
-0.0391910000000000
-0.0450040000000000
-0.0433370000000000
-0.0316260000000000
-0.0303930000000000
-0.0511760000000000
-0.0830030000000000
-0.109090000000000
-0.117810000000000
-0.107960000000000
-0.0955400000000000
-0.102310000000000
-0.125050000000000
-0.137350000000000
-0.124360000000000
-0.104890000000000
-0.101240000000000
-0.112280000000000
-0.122930000000000
-0.128360000000000
-0.134330000000000
-0.146460000000000
-0.162050000000000
-0.170570000000000
-0.166050000000000
-0.153880000000000
-0.142030000000000
-0.129780000000000
-0.115380000000000
-0.102860000000000
-0.0914640000000000
-0.0746290000000000
-0.0576900000000000
-0.0568760000000000
-0.0713300000000000
-0.0803750000000000
-0.0761040000000000
-0.0744740000000000
-0.0858560000000000
-0.0933820000000000
-0.0791310000000000
-0.0470010000000000
-0.0141650000000000
0.0102680000000000
0.0250990000000000
0.0330360000000000
0.0390700000000000
0.0488250000000000
0.0598040000000000
0.0638640000000000
0.0584300000000000
0.0541540000000000
0.0614920000000000
0.0779050000000000
0.0906300000000000
0.0918630000000000
0.0848860000000000
0.0766310000000000
0.0761950000000000
0.0870380000000000
0.0999200000000000
0.0989740000000000
0.0854790000000000
0.0751940000000000
0.0721420000000000
0.0645090000000000
0.0506810000000000
0.0481150000000000
0.0626440000000000
0.0772400000000000
0.0804390000000000
0.0812300000000000
0.0844520000000000
0.0807500000000000
0.0661830000000000
0.0483890000000000
0.0305500000000000
0.0108990000000000
-0.00590690000000000
-0.00876060000000000
0.00457270000000000
0.0244540000000000
0.0394340000000000
0.0461140000000000
0.0475670000000000
0.0491930000000000
0.0525290000000000
0.0522570000000000
0.0402870000000000
0.0131240000000000
-0.0264470000000000
-0.0655440000000000
-0.0896620000000000
-0.0987280000000000
-0.108760000000000
-0.125540000000000
-0.135170000000000
-0.122630000000000
-0.0965800000000000
-0.0744090000000000
-0.0617430000000000
-0.0499450000000000
-0.0347940000000000
-0.0187680000000000
-0.00994900000000000
-0.0126190000000000
-0.0211330000000000
-0.0274470000000000
-0.0326950000000000
-0.0421020000000000
-0.0468550000000000
-0.0364610000000000
-0.0155270000000000
-0.00207860000000000
0.00100050000000000
0.000837720000000000
0.00133260000000000
0.000824530000000000
0.00469380000000000
0.0113580000000000
0.00772700000000000
-0.00883000000000000
-0.0177160000000000
-0.00446150000000000
0.0186180000000000
0.0357970000000000
0.0489480000000000
0.0641500000000000
0.0728520000000000
0.0660300000000000
0.0514440000000000
0.0465060000000000
0.0559190000000000
0.0689590000000000
0.0691570000000000
0.0536620000000000
0.0426790000000000
0.0584500000000000
0.0889930000000000
0.100990000000000
0.0892390000000000
0.0794220000000000
0.0817860000000000
0.0772390000000000
0.0600910000000000
0.0476260000000000
0.0434280000000000
0.0242570000000000
-0.0156880000000000
-0.0476950000000000
-0.0504090000000000
-0.0352690000000000
-0.0203450000000000
-0.00756180000000000
0.00264540000000000
0.00494990000000000
0.00171460000000000
0.00283690000000000
0.0128610000000000
0.0242890000000000
0.0267030000000000
0.0160920000000000
0.00600910000000000
0.0150090000000000
0.0348180000000000
0.0346710000000000
0.00582140000000000
-0.0193620000000000
-0.0182040000000000
-0.00718980000000000
-0.0139210000000000
-0.0327900000000000
-0.0453910000000000
-0.0485060000000000
-0.0538010000000000
-0.0657500000000000
-0.0780850000000000
-0.0737610000000000
-0.0444210000000000
-0.00986210000000000
-0.000199430000000000
-0.0120620000000000
-0.0161190000000000
-0.00891080000000000
-0.0184390000000000
-0.0480150000000000
-0.0668150000000000
-0.0616040000000000
-0.0574170000000000
-0.0677140000000000
-0.0778700000000000
-0.0725290000000000
-0.0562970000000000
-0.0362210000000000
-0.0172560000000000
-0.00662970000000000
-0.00984430000000000
-0.0228820000000000
-0.0370580000000000
-0.0481570000000000
-0.0528710000000000
-0.0493090000000000
-0.0445760000000000
-0.0460590000000000
-0.0496890000000000
-0.0459070000000000
-0.0379190000000000
-0.0343470000000000
-0.0381110000000000
-0.0424380000000000
-0.0374400000000000
-0.0184570000000000
0.00920880000000000
0.0353030000000000
0.0559680000000000
0.0709610000000000
0.0777060000000000
0.0801020000000000
0.0952310000000000
0.126700000000000
0.148890000000000
0.143210000000000
0.131040000000000
0.133630000000000
0.133840000000000
0.109680000000000
0.0833750000000000
0.0831050000000000
0.0976860000000000
0.102150000000000
0.101110000000000
0.106900000000000
0.113060000000000
0.114110000000000
0.116640000000000
0.117270000000000
0.0989320000000000
0.0655140000000000
0.0385560000000000
0.0201030000000000
0.000122000000000000
-0.0134110000000000
-0.00925240000000000
-0.00249870000000000
-0.00420050000000000
-0.000667250000000000
0.0168020000000000
0.0320460000000000
0.0365850000000000
0.0406210000000000
0.0345500000000000
-0.00339480000000000
-0.0587070000000000
-0.0897170000000000
-0.0962740000000000
-0.112720000000000
-0.139820000000000
-0.145490000000000
-0.128760000000000
-0.121660000000000
-0.131050000000000
-0.132980000000000
-0.117600000000000
-0.0959890000000000
-0.0788730000000000
-0.0749960000000000
-0.0958820000000000
-0.129760000000000
-0.145670000000000
-0.134540000000000
-0.120550000000000
-0.116410000000000
-0.110490000000000
-0.0954650000000000
-0.0772120000000000
-0.0558020000000000
-0.0271130000000000
0.00160470000000000
0.0186470000000000
0.0229890000000000
0.0187880000000000
0.00582280000000000
-0.00833540000000000
-0.0105450000000000
-0.00519490000000000
-0.00985780000000000
-0.0223760000000000
-0.0225610000000000
-0.00396730000000000
0.0172610000000000
0.0298920000000000
0.0380930000000000
0.0501920000000000
0.0637000000000000
0.0747840000000000
0.0785250000000000
0.0755740000000000
0.0697940000000000
0.0681320000000000
0.0691660000000000
0.0706920000000000
0.0729910000000000
0.0781820000000000
0.0850050000000000
0.0903140000000000
0.0942580000000000
0.0996960000000000
0.107720000000000
0.111820000000000
0.103860000000000
0.0839460000000000
0.0631400000000000
0.0489490000000000
0.0337050000000000
0.00828980000000000
-0.0205330000000000
-0.0379760000000000
-0.0416730000000000
-0.0389210000000000
-0.0325730000000000
-0.0208890000000000
-0.0109110000000000
-0.0107580000000000
-0.0160740000000000
-0.0147690000000000
-0.00784740000000000
-0.00601470000000000
-0.0151250000000000
-0.0270970000000000
-0.0343710000000000
-0.0379830000000000
-0.0434420000000000
-0.0474210000000000
-0.0458890000000000
-0.0425500000000000
-0.0459890000000000
-0.0533090000000000
-0.0534080000000000
-0.0420660000000000
-0.0320380000000000
-0.0313560000000000
-0.0319620000000000
-0.0239220000000000
-0.0157300000000000
-0.0164480000000000
-0.0205230000000000
-0.0196800000000000
-0.0174230000000000
-0.0168180000000000
-0.0118000000000000
-0.00221830000000000
0.00473170000000000
0.00875430000000000
0.0205570000000000
0.0373650000000000
0.0429650000000000
0.0270800000000000
-0.00505320000000000
-0.0392350000000000
-0.0461850000000000
0.000155590000000000
0.0682250000000000
0.0780030000000000
0.00346340000000000
-0.0791220000000000
-0.0930070000000000
-0.0550280000000000
-0.0212310000000000
0.00996840000000000
0.0676070000000000
0.125110000000000
0.119320000000000
0.0501450000000000
-0.0108140000000000
-0.00501120000000000
0.0471220000000000
0.0760710000000000
0.0336390000000000
-0.0557040000000000
-0.120630000000000
-0.117080000000000
-0.0763540000000000
-0.0588070000000000
-0.0773930000000000
-0.0855570000000000
-0.0504530000000000
0.00117370000000000
0.0206490000000000
0.00265090000000000
-0.0184220000000000
-0.0240970000000000
-0.0301870000000000
-0.0493770000000000
-0.0656760000000000
-0.0638100000000000
-0.0580870000000000
-0.0730330000000000
-0.103630000000000
-0.114480000000000
-0.0852590000000000
-0.0387950000000000
-0.0174260000000000
-0.0282020000000000
-0.0327500000000000
0.00354880000000000
0.0593830000000000
0.0832660000000000
0.0569130000000000
0.0126030000000000
-0.0134110000000000
-0.0128540000000000
0.000428480000000000
0.0140590000000000
0.0200340000000000
0.0170240000000000
0.00788720000000000
0.00178490000000000
0.00605120000000000
0.0253380000000000
0.0519860000000000
0.0685720000000000
0.0650270000000000
0.0546460000000000
0.0537670000000000
0.0593670000000000
0.0601840000000000
0.0605980000000000
0.0686030000000000
0.0752000000000000
0.0631250000000000
0.0378880000000000
0.0248650000000000
0.0404050000000000
0.0738970000000000
0.101690000000000
0.107010000000000
0.0931430000000000
0.0822390000000000
0.0909080000000000
0.108960000000000
0.116600000000000
0.112790000000000
0.110530000000000
0.110540000000000
0.101580000000000
0.0778740000000000
0.0453480000000000
0.0162900000000000
0.00431030000000000
0.0132140000000000
0.0231050000000000
0.0131270000000000
-0.00794520000000000
-0.0147950000000000
-0.00917240000000000
-0.0142780000000000
-0.0303500000000000
-0.0375640000000000
-0.0360410000000000
-0.0450470000000000
-0.0585050000000000
-0.0512890000000000
-0.0251910000000000
-0.0104190000000000
-0.0202110000000000
-0.0369670000000000
-0.0444990000000000
-0.0424050000000000
-0.0350340000000000
-0.0249880000000000
-0.0207260000000000
-0.0300890000000000
-0.0485540000000000
-0.0664460000000000
-0.0807630000000000
-0.0917150000000000
-0.0946230000000000
-0.0908090000000000
-0.0870420000000000
-0.0870960000000000
-0.0828720000000000
-0.0729050000000000
-0.0660190000000000
-0.0709000000000000
-0.0773660000000000
-0.0734670000000000
-0.0651440000000000
-0.0706070000000000
-0.0906500000000000
-0.105670000000000
-0.104670000000000
-0.0960640000000000
-0.0894760000000000
-0.0797660000000000
-0.0619190000000000
-0.0414200000000000
-0.0285280000000000
-0.0249720000000000
-0.0264580000000000
-0.0317230000000000
-0.0399080000000000
-0.0490640000000000
-0.0572630000000000
-0.0612830000000000
-0.0552360000000000
-0.0442080000000000
-0.0443280000000000
-0.0585670000000000
-0.0659960000000000
-0.0472410000000000
-0.00988540000000000
0.0218760000000000
0.0374600000000000
0.0427780000000000
0.0450530000000000
0.0433310000000000
0.0384630000000000
0.0328810000000000
0.0322360000000000
0.0405670000000000
0.0558520000000000
0.0651880000000000
0.0636240000000000
0.0621980000000000
0.0709880000000000
0.0804250000000000
0.0796240000000000
0.0775690000000000
0.0877790000000000
0.103300000000000
0.107520000000000
0.100850000000000
0.0964900000000000
0.0987830000000000
0.102960000000000
0.109880000000000
0.124890000000000
0.143310000000000
0.153310000000000
0.150000000000000
0.139260000000000
0.129480000000000
0.123930000000000
0.118830000000000
0.108350000000000
0.0939590000000000
0.0838230000000000
0.0834300000000000
0.0853640000000000
0.0766190000000000
0.0547650000000000
0.0344250000000000
0.0313840000000000
0.0436110000000000
0.0552640000000000
0.0527230000000000
0.0375860000000000
0.0187890000000000
0.00574200000000000
-0.00114610000000000
-0.00675690000000000
-0.0146160000000000
-0.0172160000000000
-0.00885020000000000
-0.00175500000000000
-0.0148570000000000
-0.0431710000000000
-0.0625010000000000
-0.0636370000000000
-0.0607520000000000
-0.0669770000000000
-0.0786110000000000
-0.0892520000000000
-0.0955320000000000
-0.0957810000000000
-0.0889350000000000
-0.0874240000000000
-0.0987480000000000
-0.113160000000000
-0.114880000000000
-0.107500000000000
-0.103650000000000
-0.105440000000000
-0.105310000000000
-0.102890000000000
-0.106860000000000
-0.117050000000000
-0.120710000000000
-0.110000000000000
-0.0953320000000000
-0.0880930000000000
-0.0863880000000000
-0.0811690000000000
-0.0738350000000000
-0.0687030000000000
-0.0646070000000000
-0.0577090000000000
-0.0519620000000000
-0.0497280000000000
-0.0457810000000000
-0.0391280000000000
-0.0380790000000000
-0.0431970000000000
-0.0429700000000000
-0.0353120000000000
-0.0315890000000000
-0.0338380000000000
-0.0322320000000000
-0.0213100000000000
-0.00787020000000000
0.00519370000000000
0.0171480000000000
0.0268500000000000
0.0347330000000000
0.0475160000000000
0.0616060000000000
0.0670840000000000
0.0673710000000000
0.0743330000000000
0.0800210000000000
0.0682050000000000
0.0495110000000000
0.0471360000000000
0.0564460000000000
0.0554680000000000
0.0499500000000000
0.0604310000000000
0.0812000000000000
0.0882940000000000
0.0820170000000000
0.0830950000000000
0.0927300000000000
0.0970860000000000
0.0929460000000000
0.0879450000000000
0.0762470000000000
0.0560730000000000
0.0391560000000000
0.0390260000000000
0.0482520000000000
0.0537580000000000
0.0504590000000000
0.0446130000000000
0.0413560000000000
0.0424540000000000
0.0425120000000000
0.0347980000000000
0.0218670000000000
0.0168260000000000
0.0208970000000000
0.0183210000000000
0.00102420000000000
-0.0115710000000000
-0.00250260000000000
0.0167080000000000
0.0212420000000000
0.0108310000000000
0.00120270000000000
-0.00408200000000000
-0.0141100000000000
-0.0240810000000000
-0.0223840000000000
-0.0163150000000000
-0.0239160000000000
-0.0418810000000000
-0.0531130000000000
-0.0555020000000000
-0.0580150000000000
-0.0523260000000000
-0.0268310000000000
0.00419520000000000
0.0178180000000000
0.0196280000000000
0.0280580000000000
0.0376100000000000
0.0327670000000000
0.0196930000000000
0.0137900000000000
0.0111980000000000
0.00321600000000000
-0.00358460000000000
-0.00314120000000000
-0.00555070000000000
-0.0136490000000000
-0.0122920000000000
0.00194080000000000
0.00815090000000000
-0.00533360000000000
-0.0210390000000000
-0.0234080000000000
-0.0221370000000000
-0.0317400000000000
-0.0476910000000000
-0.0578350000000000
-0.0626990000000000
-0.0719720000000000
-0.0856040000000000
-0.0922190000000000
-0.0839560000000000
-0.0701480000000000
-0.0649580000000000
-0.0690890000000000
-0.0660210000000000
-0.0479430000000000
-0.0283090000000000
-0.0222050000000000
-0.0204010000000000
-0.00572030000000000
0.0180040000000000
0.0269120000000000
0.0134080000000000
-0.00185720000000000
0.00134930000000000
0.0140280000000000
0.0154150000000000
0.00350360000000000
-0.00858790000000000
-0.0134740000000000
-0.0139790000000000
-0.0114220000000000
-0.00668130000000000
-0.00449360000000000
-0.00582680000000000
-0.00189020000000000
0.00857200000000000
0.0120650000000000
0.000356430000000000
-0.0143510000000000
-0.0184530000000000
-0.0140870000000000
-0.0127470000000000
-0.0160230000000000
-0.0171150000000000
-0.0115020000000000
-0.00378810000000000
-0.00217560000000000
-0.00950170000000000
-0.0148190000000000
-0.00562230000000000
0.0112160000000000
0.0158210000000000
0.00492950000000000
-0.00647990000000000
-0.0124840000000000
-0.0186770000000000
-0.0217170000000000
-0.0137430000000000
-0.00250410000000000
-0.00222730000000000
-0.00741490000000000
-0.00160610000000000
0.0114520000000000
0.0126980000000000
0.00317470000000000
0.00108190000000000
0.00961410000000000
0.0154220000000000
0.0179000000000000
0.0245960000000000
0.0337900000000000
0.0389090000000000
0.0459410000000000
0.0581500000000000
0.0634570000000000
0.0553560000000000
0.0485730000000000
0.0558860000000000
0.0637580000000000
0.0576630000000000
0.0479100000000000
0.0499500000000000
0.0551080000000000
0.0510740000000000
0.0476660000000000
0.0548170000000000
0.0599700000000000
0.0523530000000000
0.0454220000000000
0.0522350000000000
0.0593480000000000
0.0496770000000000
0.0312250000000000
0.0229050000000000
0.0243080000000000
0.0220990000000000
0.0159540000000000
0.0151980000000000
0.0192880000000000
0.0190970000000000
0.0141590000000000
0.0109620000000000
0.00780100000000000
-0.00160830000000000
-0.0166300000000000
-0.0278690000000000
-0.0341290000000000
-0.0426360000000000
-0.0566820000000000
-0.0663440000000000
-0.0667610000000000
-0.0654280000000000
-0.0664590000000000
-0.0610620000000000
-0.0463380000000000
-0.0346830000000000
-0.0352090000000000
-0.0396080000000000
-0.0379910000000000
-0.0353020000000000
-0.0399240000000000
-0.0444910000000000
-0.0409550000000000
-0.0333140000000000
-0.0307350000000000
-0.0310720000000000
-0.0306900000000000
-0.0271190000000000
-0.0194900000000000
-0.00780520000000000
0.00141970000000000
0.000386540000000000
-0.00790940000000000
-0.0130440000000000
-0.0119560000000000
-0.0127140000000000
-0.0187290000000000
-0.0251530000000000
-0.0279650000000000
-0.0304090000000000
-0.0340930000000000
-0.0350790000000000
-0.0296880000000000
-0.0241030000000000
-0.0235700000000000
-0.0221300000000000
-0.0126720000000000
-0.00329430000000000
-0.00596920000000000
-0.0126120000000000
-0.00567310000000000
0.0117800000000000
0.0170630000000000
0.00340220000000000
-0.0111700000000000
-0.0133820000000000
-0.00800110000000000
-0.00288940000000000
0.000388800000000000
-0.00209700000000000
-0.0115160000000000
-0.0223450000000000
-0.0284080000000000
-0.0299810000000000
-0.0236330000000000
-0.00779920000000000
0.00901630000000000
0.0132880000000000
0.00965380000000000
0.0102530000000000
0.0132800000000000
0.00903940000000000
0.00478850000000000
0.0120930000000000
0.0226950000000000
0.0247180000000000
0.0226100000000000
0.0246320000000000
0.0252080000000000
0.0246400000000000
0.0339970000000000
0.0519630000000000
0.0606020000000000
0.0582660000000000
0.0615090000000000
0.0703510000000000
0.0700830000000000
0.0623200000000000
0.0634740000000000
0.0702840000000000
0.0662320000000000
0.0516750000000000
0.0415430000000000
0.0361930000000000
0.0254790000000000
0.0137600000000000
0.0111590000000000
0.0131460000000000
0.00941640000000000
0.00473200000000000
0.00703860000000000
0.00902640000000000
-0.00347860000000000
-0.0257060000000000
-0.0355900000000000
-0.0243450000000000
-0.0133320000000000
-0.0228650000000000
-0.0416050000000000
-0.0453350000000000
-0.0373610000000000
-0.0394120000000000
-0.0510710000000000
-0.0497540000000000
-0.0337050000000000
-0.0269660000000000
-0.0375870000000000
-0.0427640000000000
-0.0289860000000000
-0.0112470000000000
-0.00759950000000000
-0.0140970000000000
-0.0178280000000000
-0.0160010000000000
-0.0132510000000000
-0.0126340000000000
-0.0135800000000000
-0.0162430000000000
-0.0168370000000000
-0.0120560000000000
-0.000741480000000000
0.0108980000000000
0.0147050000000000
0.00903700000000000
0.00339350000000000
0.00422210000000000
0.00528980000000000
-0.00159220000000000
-0.0103950000000000
-0.00524630000000000
0.0114190000000000
0.0157010000000000
-0.00618340000000000
-0.0326830000000000
-0.0376560000000000
-0.0234060000000000
-0.0164350000000000
-0.0231720000000000
-0.0221010000000000
0.000238670000000000
0.0197150000000000
0.00949020000000000
-0.0183530000000000
-0.0283620000000000
-0.00935000000000000
0.0132630000000000
0.0160860000000000
0.00685070000000000
0.00872610000000000
0.0265780000000000
0.0457550000000000
0.0520270000000000
0.0468570000000000
0.0424560000000000
0.0468020000000000
0.0527280000000000
0.0477600000000000
0.0281400000000000
0.00620020000000000
-0.00430860000000000
-0.00159450000000000
0.00472060000000000
0.00744990000000000
0.00666000000000000
0.00814290000000000
0.0117540000000000
0.0111600000000000
0.00800130000000000
0.0134810000000000
0.0301690000000000
0.0449940000000000
0.0496690000000000
0.0492360000000000
0.0514600000000000
0.0517700000000000
0.0476660000000000
0.0436260000000000
0.0426070000000000
0.0412460000000000
0.0429740000000000
0.0518570000000000
0.0574640000000000
0.0473070000000000
0.0295330000000000
0.0204230000000000
0.0168850000000000
0.00885910000000000
-0.000140310000000000
-0.00314000000000000
-0.00522210000000000
-0.00845270000000000
-0.00319220000000000
0.0124200000000000
0.0196370000000000
0.00507080000000000
-0.0181530000000000
-0.0317670000000000
-0.0347320000000000
-0.0360460000000000
-0.0388610000000000
-0.0409000000000000
-0.0387310000000000
-0.0325770000000000
-0.0264430000000000
-0.0235340000000000
-0.0247720000000000
-0.0287050000000000
-0.0327530000000000
-0.0322010000000000
-0.0251360000000000
-0.0202320000000000
-0.0283710000000000
-0.0421950000000000
-0.0432910000000000
-0.0344670000000000
-0.0400560000000000
-0.0634170000000000
-0.0777630000000000
-0.0625460000000000
-0.0366320000000000
-0.0283970000000000
-0.0378890000000000
-0.0427880000000000
-0.0359230000000000
-0.0277950000000000
-0.0242560000000000
-0.0237000000000000
-0.0263140000000000
-0.0344160000000000
-0.0420000000000000
-0.0406140000000000
-0.0332090000000000
-0.0312070000000000
-0.0350960000000000
-0.0356330000000000
-0.0330810000000000
-0.0330320000000000
-0.0337390000000000
-0.0279600000000000
-0.0189630000000000
-0.0126590000000000
-0.00508800000000000
0.0113900000000000
0.0264510000000000
0.0258310000000000
0.0174400000000000
0.0204540000000000
0.0305560000000000
0.0295870000000000
0.0208070000000000
0.0245810000000000
0.0375070000000000
0.0352790000000000
0.0177620000000000
0.0142810000000000
0.0318270000000000
0.0450480000000000
0.0400090000000000
0.0347460000000000
0.0412550000000000
0.0501830000000000
0.0544030000000000
0.0605220000000000
0.0677520000000000
0.0652420000000000
0.0554050000000000
0.0501320000000000
0.0499170000000000
0.0470340000000000
0.0468780000000000
0.0537400000000000
0.0565470000000000
0.0476830000000000
0.0397390000000000
0.0400410000000000
0.0368610000000000
0.0234780000000000
0.0142120000000000
0.0168890000000000
0.0158780000000000
0.000459720000000000
-0.0150730000000000
-0.0164140000000000
-0.0141180000000000
-0.0194970000000000
-0.0279180000000000
-0.0297350000000000
-0.0286640000000000
-0.0296090000000000
-0.0335270000000000
-0.0373470000000000
-0.0396230000000000
-0.0398260000000000
-0.0414500000000000
-0.0449740000000000
-0.0450150000000000
-0.0380170000000000
-0.0325030000000000
-0.0358670000000000
-0.0394930000000000
-0.0307320000000000
-0.0181990000000000
-0.0152940000000000
-0.0159010000000000
-0.00640110000000000
0.00358950000000000
-0.000869870000000000
-0.0136470000000000
-0.0180430000000000
-0.0148760000000000
-0.0135900000000000
-0.0153240000000000
-0.0183420000000000
-0.0265430000000000
-0.0365980000000000
-0.0385480000000000
-0.0316570000000000
-0.0276940000000000
-0.0255240000000000
-0.0153180000000000
3.91740000000000e-05
0.00558900000000000
0.00442670000000000
0.00800150000000000
0.0138110000000000
0.0116710000000000
0.00884760000000000
0.0150230000000000
0.0230270000000000
0.0187250000000000
0.00759800000000000
0.00293760000000000
0.00523730000000000
0.00620810000000000
0.00738140000000000
0.0104530000000000
0.0104600000000000
0.00753820000000000
0.00972670000000000
0.0140540000000000
0.00951470000000000
-0.00106260000000000
-0.00277950000000000
0.00504000000000000
0.00688480000000000
-0.00340490000000000
-0.0142150000000000
-0.0169240000000000
-0.0146440000000000
-0.0108760000000000
-0.00691720000000000
-0.00692750000000000
-0.00997940000000000
-0.00626800000000000
0.00543600000000000
0.0112340000000000
0.00525700000000000
-0.00118170000000000
0.000198850000000000
-0.00111650000000000
-0.0117160000000000
-0.0223050000000000
-0.0231890000000000
-0.0206350000000000
-0.0219830000000000
-0.0233600000000000
-0.0212180000000000
-0.0196300000000000
-0.0208450000000000
-0.0186830000000000
-0.0136770000000000
-0.0153770000000000
-0.0266250000000000
-0.0350720000000000
-0.0322470000000000
-0.0239640000000000
-0.0209510000000000
-0.0238280000000000
-0.0279270000000000
-0.0292440000000000
-0.0250970000000000
-0.0153100000000000
-0.00629730000000000
-0.00437410000000000
-0.00286540000000000
0.00503180000000000
0.0120430000000000
0.00649760000000000
-0.00290000000000000
-0.00106140000000000
0.00729080000000000
0.00317900000000000
-0.0105100000000000
-0.0142450000000000
-0.00383090000000000
0.00490640000000000
0.00595790000000000
0.00529000000000000
0.00384780000000000
-0.000618190000000000
-0.00260050000000000
0.00164170000000000
0.00417600000000000
0.00302030000000000
0.00584300000000000
0.0112870000000000
0.00474850000000000
-0.0114960000000000
-0.0157230000000000
-0.00106970000000000
0.0129540000000000
0.0152800000000000
0.0145670000000000
0.0157650000000000
0.0159590000000000
0.0218620000000000
0.0355620000000000
0.0429010000000000
0.0333390000000000
0.0238950000000000
0.0273790000000000
0.0310370000000000
0.0208480000000000
0.0103960000000000
0.0105520000000000
0.0117110000000000
0.00856540000000000
0.0125250000000000
0.0250720000000000
0.0326840000000000
0.0336800000000000
0.0375150000000000
0.0419830000000000
0.0398180000000000
0.0399510000000000
0.0499990000000000
0.0548830000000000
0.0435990000000000
0.0308240000000000
0.0303760000000000
0.0308660000000000
0.0249260000000000
0.0223310000000000
0.0252170000000000
0.0189770000000000
0.00683060000000000
0.00699440000000000
0.0178390000000000
0.0171280000000000
0.00399000000000000
0.00157570000000000
0.0167200000000000
0.0277730000000000
0.0188420000000000
0.00414040000000000
0.00496150000000000
0.0204370000000000
0.0283970000000000
0.0134680000000000
-0.0146660000000000
-0.0330920000000000
-0.0332860000000000
-0.0267080000000000
-0.0234660000000000
-0.0231970000000000
-0.0262440000000000
-0.0334660000000000
-0.0366910000000000
-0.0274210000000000
-0.0104830000000000
0.00226260000000000
0.00710750000000000
0.00902950000000000
0.0115050000000000
0.0117980000000000
0.00791720000000000
0.000812440000000000
-0.00565140000000000
-0.00940830000000000
-0.0114450000000000
-0.0131410000000000
-0.00947350000000000
8.95100000000000e-05
0.00266280000000000
-0.00837880000000000
-0.0173880000000000
-0.00839830000000000
0.00625710000000000
0.00774260000000000
0.000723640000000000
0.00125960000000000
0.00603100000000000
0.00383280000000000
2.75350000000000e-05
0.00435550000000000
0.00671650000000000
-0.00474090000000000
-0.0175400000000000
-0.0129280000000000
0.00136550000000000
0.00609870000000000
0.00148790000000000
0.000787870000000000
0.00418750000000000
0.00337430000000000
0.000399820000000000
0.00201410000000000
0.00437300000000000
0.00178400000000000
-0.000105330000000000
0.00324500000000000
0.00431240000000000
-3.55280000000000e-05
-0.000150380000000000
0.00579200000000000
0.00459840000000000
-0.00631390000000000
-0.0119340000000000
-0.00981110000000000
-0.0136970000000000
-0.0201560000000000
-0.00580310000000000
0.0251960000000000
0.0387790000000000
0.0217860000000000
0.00410820000000000
0.00917210000000000
0.0275010000000000
0.0385820000000000
0.0361290000000000
0.0193370000000000
-0.00415410000000000
-0.0170090000000000
-0.0109840000000000
-0.00355130000000000
-0.00912020000000000
-0.0149590000000000
-0.00617570000000000
0.00572880000000000
0.00522270000000000
-0.000323990000000000
0.00149340000000000
0.00524310000000000
0.00274200000000000
3.29480000000000e-05
0.00344770000000000
0.00592640000000000
-0.000515500000000000
-0.0100890000000000
-0.0149650000000000
-0.0150650000000000
-0.0135960000000000
-0.00995790000000000
-0.00768440000000000
-0.0107410000000000
-0.0149190000000000
-0.0112510000000000
-0.000964630000000000
0.00254320000000000
-0.00856540000000000
-0.0235920000000000
-0.0244550000000000
-0.00970320000000000
0.00405980000000000
0.00270630000000000
-0.0101460000000000
-0.0205740000000000
-0.0228590000000000
-0.0208350000000000
-0.0166390000000000
-0.00704320000000000
0.00391970000000000
0.00706190000000000
0.00172910000000000
0.00112520000000000
0.0116790000000000
0.0219900000000000
0.0207770000000000
0.0159510000000000
0.0201230000000000
0.0268470000000000
0.0220910000000000
0.0103320000000000
0.00916960000000000
0.0206820000000000
0.0317850000000000
0.0368690000000000
0.0375360000000000
0.0302100000000000
0.0143330000000000
0.00610600000000000
0.0159160000000000
0.0257610000000000
0.0141970000000000
-0.00240540000000000
0.00694250000000000
0.0377460000000000
0.0523830000000000
0.0352850000000000
0.00927390000000000
-6.43910000000000e-05
0.00398860000000000
0.00622840000000000
0.00420080000000000
0.00291270000000000
-0.000109780000000000
-0.0115130000000000
-0.0264030000000000
-0.0306690000000000
-0.0197950000000000
-0.0105930000000000
-0.0171140000000000
-0.0294790000000000
-0.0276180000000000
-0.0122310000000000
-0.00325950000000000
-0.0174540000000000
-0.0490320000000000
-0.0738770000000000
-0.0716590000000000
-0.0482670000000000
-0.0340170000000000
-0.0481660000000000
-0.0724900000000000
-0.0749330000000000
-0.0556330000000000
-0.0389900000000000
-0.0330710000000000
-0.0250320000000000
-0.0150050000000000
-0.0173150000000000
-0.0327520000000000
-0.0423260000000000
-0.0415170000000000
-0.0447120000000000
-0.0596980000000000
-0.0729580000000000
-0.0730580000000000
-0.0639320000000000
-0.0570970000000000
-0.0555600000000000
-0.0530980000000000
-0.0459980000000000
-0.0359740000000000
-0.0245790000000000
-0.00995350000000000
0.00654530000000000
0.0179520000000000
0.0197750000000000
0.0186750000000000
0.0238600000000000
0.0310220000000000
0.0320000000000000
0.0291180000000000
0.0314130000000000
0.0358850000000000
0.0366210000000000
0.0359570000000000
0.0405550000000000
0.0445360000000000
0.0419800000000000
0.0362450000000000
0.0347270000000000
0.0365330000000000
0.0390280000000000
0.0389150000000000
0.0320140000000000
0.0178010000000000
0.00875120000000000
0.0158600000000000
0.0298840000000000
0.0307330000000000
0.0205030000000000
0.0169380000000000
0.0257720000000000
0.0324110000000000
0.0302100000000000
0.0266240000000000
0.0288620000000000
0.0323930000000000
0.0315490000000000
0.0258990000000000
0.0160520000000000
0.00616340000000000
0.00288560000000000
0.00713940000000000
0.00933570000000000
0.00549580000000000
0.00370670000000000
0.00830270000000000
0.0102710000000000
0.00309640000000000
-0.00551740000000000
-0.0109970000000000
-0.0204980000000000
-0.0379380000000000
-0.0520820000000000
-0.0560950000000000
-0.0558130000000000
-0.0567410000000000
-0.0563130000000000
-0.0558050000000000
-0.0567670000000000
-0.0531220000000000
-0.0439280000000000
-0.0419190000000000
-0.0534610000000000
-0.0639870000000000
-0.0611300000000000
-0.0535860000000000
-0.0535200000000000
-0.0554200000000000
-0.0498030000000000
-0.0407480000000000
-0.0330170000000000
-0.0258150000000000
-0.0226750000000000
-0.0280480000000000
-0.0319650000000000
-0.0235280000000000
-0.0119140000000000
-0.0112870000000000
-0.0197670000000000
-0.0235600000000000
-0.0223900000000000
-0.0205650000000000
-0.0153810000000000
-0.00179550000000000
0.00922610000000000
0.00872010000000000
0.00540490000000000
0.0110120000000000
0.0199830000000000
0.0217450000000000
0.0214470000000000
0.0267210000000000
0.0328930000000000
0.0303280000000000
0.0269460000000000
0.0339950000000000
0.0475170000000000
0.0531810000000000
0.0545750000000000
0.0632660000000000
0.0764840000000000
0.0783660000000000
0.0694360000000000
0.0627710000000000
0.0630010000000000
0.0607500000000000
0.0546360000000000
0.0520390000000000
0.0542730000000000
0.0543700000000000
0.0538330000000000
0.0590350000000000
0.0649990000000000
0.0606810000000000
0.0511560000000000
0.0510150000000000
0.0579470000000000
0.0542950000000000
0.0380100000000000
0.0280950000000000
0.0317100000000000
0.0323780000000000
0.0196930000000000
0.00753730000000000
0.00684310000000000
0.00936700000000000
0.00735090000000000
0.00687470000000000
0.0106720000000000
0.00919020000000000
-0.000648340000000000
-0.00814930000000000
-0.00789590000000000
-0.00672820000000000
-0.00781550000000000
-0.00634370000000000
-0.00573380000000000
-0.0128760000000000
-0.0246980000000000
-0.0304940000000000
-0.0302640000000000
-0.0318690000000000
-0.0371250000000000
-0.0405360000000000
-0.0389690000000000
-0.0343600000000000
-0.0303660000000000
-0.0304790000000000
-0.0343290000000000
-0.0376720000000000
-0.0388960000000000
-0.0389280000000000
-0.0356480000000000
-0.0261250000000000
-0.0142170000000000
-0.00918370000000000
-0.0137100000000000
-0.0217720000000000
-0.0264760000000000
-0.0267360000000000
-0.0211760000000000
-0.00678570000000000
0.0125000000000000
0.0232170000000000
0.0163640000000000
0.00104270000000000
-0.00554450000000000
-0.00254810000000000
-0.00596290000000000
-0.0191960000000000
-0.0226270000000000
-0.00789760000000000
0.00324030000000000
-0.00333840000000000
-0.00890480000000000
0.00415890000000000
0.0187450000000000
0.0152080000000000
0.00414400000000000
0.00500820000000000
0.0117760000000000
0.00992490000000000
0.00464670000000000
0.00786440000000000
0.0154240000000000
0.0219190000000000
0.0312940000000000
0.0413440000000000
0.0407160000000000
0.0341380000000000
0.0367240000000000
0.0444710000000000
0.0382770000000000
0.0227330000000000
0.0230640000000000
0.0386300000000000
0.0428850000000000
0.0297610000000000
0.0210210000000000
0.0233470000000000
0.0245180000000000
0.0217090000000000
0.0248980000000000
0.0301970000000000
0.0300240000000000
0.0319370000000000
0.0408050000000000
0.0389730000000000
0.0188700000000000
0.00368730000000000
0.00781320000000000
0.0104030000000000
-0.00339420000000000
-0.0133750000000000
-0.00220200000000000
0.0119160000000000
0.0108310000000000
0.00507160000000000
0.00817890000000000
0.0106810000000000
0.00330640000000000
-0.00788800000000000
-0.0162400000000000
-0.0224640000000000
-0.0239000000000000
-0.0209960000000000
-0.0243550000000000
-0.0386880000000000
-0.0514080000000000
-0.0530980000000000
-0.0517730000000000
-0.0546980000000000
-0.0530310000000000
-0.0424830000000000
-0.0379250000000000
-0.0471350000000000
-0.0568440000000000
-0.0553790000000000
-0.0502120000000000
-0.0500900000000000
-0.0530970000000000
-0.0540160000000000
-0.0527730000000000
-0.0510080000000000
-0.0506190000000000
-0.0538680000000000
-0.0543180000000000
-0.0394900000000000
-0.0136390000000000
-0.000584250000000000
-0.00794460000000000
-0.0144820000000000
-0.00422270000000000
0.00910120000000000
0.0123490000000000
0.0126310000000000
0.0182770000000000
0.0218720000000000
0.0206170000000000
0.0236680000000000
0.0329950000000000
0.0359850000000000
0.0293900000000000
0.0232670000000000
0.0221610000000000
0.0213870000000000
0.0235820000000000
0.0318870000000000
0.0396800000000000
0.0404420000000000
0.0404980000000000
0.0445690000000000
0.0452500000000000
0.0393240000000000
0.0384520000000000
0.0488000000000000
0.0590750000000000
0.0587940000000000
0.0510400000000000
0.0439930000000000
0.0405730000000000
0.0384460000000000
0.0338740000000000
0.0271050000000000
0.0224610000000000
0.0230110000000000
0.0256740000000000
0.0245520000000000
0.0187880000000000
0.00995450000000000
-0.00180300000000000
-0.0127730000000000
-0.0151460000000000
-0.0136170000000000
-0.0202250000000000
-0.0340320000000000
-0.0385760000000000
-0.0296720000000000
-0.0214260000000000
-0.0228030000000000
-0.0250410000000000
-0.0214630000000000
-0.0187020000000000
-0.0210090000000000
-0.0233820000000000
-0.0236090000000000
-0.0262460000000000
-0.0328970000000000
-0.0371310000000000
-0.0364420000000000
-0.0359820000000000
-0.0387490000000000
-0.0385100000000000
-0.0304600000000000
-0.0192330000000000
-0.0150140000000000
-0.0224980000000000
-0.0353030000000000
-0.0413190000000000
-0.0357200000000000
-0.0267820000000000
-0.0270310000000000
-0.0376550000000000
-0.0469450000000000
-0.0458400000000000
-0.0385050000000000
-0.0323350000000000
-0.0268350000000000
-0.0186210000000000
-0.0101490000000000
-0.00662950000000000
-0.00734400000000000
-0.00677590000000000
-0.00161920000000000
0.00563080000000000
0.0108370000000000
0.0108980000000000
0.00783280000000000
0.00931270000000000
0.0213480000000000
0.0382600000000000
0.0472500000000000
0.0426680000000000
0.0330150000000000
0.0293390000000000
0.0328300000000000
0.0350750000000000
0.0328040000000000
0.0290160000000000
0.0283800000000000
0.0278230000000000
0.0254860000000000
0.0243420000000000
0.0276330000000000
0.0272020000000000
0.0171580000000000
0.00844130000000000
0.0125650000000000
0.0208280000000000
0.0179780000000000
0.00823890000000000
0.00422350000000000
0.00318400000000000
-0.00401070000000000
-0.00980870000000000
-0.00144940000000000
0.00881590000000000
0.00257550000000000
-0.0101500000000000
-0.00790440000000000
-0.000213690000000000
-0.00941300000000000
-0.0258290000000000
-0.0247540000000000
-0.0110190000000000
-0.0102070000000000
-0.0175150000000000
-0.0100750000000000
0.00904330000000000
0.0117740000000000
-0.00209380000000000
-0.00760260000000000
0.00110060000000000
0.00381970000000000
-0.00286200000000000
-0.00511140000000000
-0.00499230000000000
-0.0146490000000000
-0.0260370000000000
-0.0229240000000000
-0.0137250000000000
-0.0170150000000000
-0.0257980000000000
-0.0163440000000000
0.00415860000000000
0.00708680000000000
-0.00677630000000000
-0.00957740000000000
0.000203620000000000
-0.00308320000000000
-0.0229730000000000
-0.0328240000000000
-0.0224550000000000
-0.0154520000000000
-0.0246670000000000
-0.0299270000000000
-0.0212030000000000
-0.0165430000000000
-0.0230340000000000
-0.0198270000000000
-0.00269900000000000
0.00371260000000000
-0.0138260000000000
-0.0303080000000000
-0.0259640000000000
-0.0156750000000000
-0.0206890000000000
-0.0333520000000000
-0.0382860000000000
-0.0354730000000000
-0.0299480000000000
-0.0220000000000000
-0.0172220000000000
-0.0222230000000000
-0.0283560000000000
-0.0210540000000000
-0.00461590000000000
0.00283130000000000
-0.00464350000000000
-0.0130390000000000
-0.0103050000000000
-0.00201880000000000
0.000772720000000000
-0.00271890000000000
-0.00484610000000000
-0.00264710000000000
0.00219250000000000
0.00450960000000000
0.00274900000000000
-0.00129720000000000
-0.00401080000000000
-0.00383380000000000
0.000797620000000000
0.00768220000000000
0.0127540000000000
0.0146350000000000
0.0142430000000000
0.0124160000000000
0.0119210000000000
0.0142640000000000
0.0151750000000000
0.0122910000000000
0.0113060000000000
0.0154090000000000
0.0171730000000000
0.0101230000000000
0.00172700000000000
-0.000864560000000000
-0.00185040000000000
-0.00449960000000000
0.00109010000000000
0.0155620000000000
0.0239720000000000
0.0199970000000000
0.0162140000000000
0.0145710000000000
0.00532250000000000
-0.00577200000000000
-0.000387060000000000
0.0158330000000000
0.0186840000000000
0.00505060000000000
-0.00437390000000000
-0.00221930000000000
-0.000283680000000000
-0.00118220000000000
0.00414190000000000
0.0140130000000000
0.0191150000000000
0.0172050000000000
0.0101990000000000
0.000154670000000000
-0.00237830000000000
0.0109340000000000
0.0270730000000000
0.0263210000000000
0.0136010000000000
0.0108630000000000
0.0212000000000000
0.0274090000000000
0.0218630000000000
0.0153570000000000
0.0159380000000000
0.0169750000000000
0.00987820000000000
-0.00430570000000000
-0.0128230000000000
-0.00587280000000000
0.0114840000000000
0.0184310000000000
0.00782420000000000
-0.00402130000000000
0.000850820000000000
0.0145890000000000
0.0203720000000000
0.0164480000000000
0.0136930000000000
0.0159350000000000
0.0194760000000000
0.0223170000000000
0.0248450000000000
0.0244060000000000
0.0165590000000000
0.00343310000000000
-0.00304870000000000
0.00760060000000000
0.0255980000000000
0.0299010000000000
0.0179500000000000
0.0115020000000000
0.0198890000000000
0.0224680000000000
0.00651970000000000
-0.00550000000000000
0.00530950000000000
0.0166740000000000
0.00537150000000000
-0.0109430000000000
-0.00656820000000000
0.00548510000000000
0.00371200000000000
-0.00167340000000000
0.00762460000000000
0.0197680000000000
0.0194990000000000
0.0161440000000000
0.0189450000000000
0.0154650000000000
0.00329120000000000
-0.000379280000000000
0.00650250000000000
0.00257270000000000
-0.0122580000000000
-0.0164240000000000
-0.00940940000000000
-0.0144480000000000
-0.0257590000000000
-0.0165930000000000
0.00671010000000000
0.00934430000000000
-0.00729460000000000
-0.00979020000000000
0.00537580000000000
0.00911160000000000
-0.00553790000000000
-0.0147520000000000
-0.0109550000000000
-0.00906300000000000
-0.0140250000000000
-0.0127510000000000
-0.00465050000000000
-0.00118320000000000
-0.00499320000000000
-0.00665390000000000
-0.00366040000000000
-0.00132640000000000
-0.00340790000000000
-0.00677010000000000
-0.00569700000000000
0.00192140000000000
0.00817060000000000
0.00113480000000000
-0.0173270000000000
-0.0298740000000000
-0.0266100000000000
-0.0141080000000000
-0.00274400000000000
0.00472360000000000
0.00516140000000000
-0.000444080000000000
-0.00646760000000000
-0.00467020000000000
0.00118350000000000
0.00460160000000000
0.00214490000000000
-0.000943450000000000
-0.00418220000000000
-0.00792090000000000
-0.0101970000000000
-0.00549860000000000
0.00383550000000000
0.00949550000000000
0.00637870000000000
0.000371790000000000
0.00383320000000000
0.0186230000000000
0.0308200000000000
0.0264010000000000
0.0103760000000000
-0.00165570000000000
-0.000505660000000000
0.00698950000000000
0.00901360000000000
0.00205840000000000
-0.00413860000000000
-0.000648010000000000
0.00593060000000000
0.00565940000000000
0.00278570000000000
0.0101410000000000
0.0206740000000000
0.0179390000000000
0.00206100000000000
-0.00761890000000000
-0.00586300000000000
-0.00491010000000000
-0.0129110000000000
-0.0224130000000000
-0.0257060000000000
-0.0219950000000000
-0.0126940000000000
-0.00447620000000000
-0.00744820000000000
-0.0207690000000000
-0.0259060000000000
-0.0146270000000000
-0.000921310000000000
0.000696580000000000
-0.00389140000000000
-0.00351100000000000
0.00253450000000000
0.00763890000000000
0.00871600000000000
0.00640860000000000
0.00350270000000000
0.00412710000000000
0.0108640000000000
0.0153960000000000
0.0104580000000000
0.00426870000000000
0.0108270000000000
0.0240740000000000
0.0274850000000000
0.0189570000000000
0.0115650000000000
0.00977750000000000
0.00608530000000000
0.00120550000000000
0.00553800000000000
0.0156010000000000
0.0149730000000000
0.00284440000000000
-0.00363200000000000
0.00118540000000000
0.00746910000000000
0.00926170000000000
0.00906340000000000
0.00652950000000000
0.000666220000000000
-0.000972840000000000
0.00375340000000000
0.00509310000000000
-0.00252210000000000
-0.00827380000000000
-0.00898240000000000
-0.0142460000000000
-0.0211440000000000
-0.0163350000000000
-0.00499360000000000
-0.00695520000000000
-0.0179630000000000
-0.0172620000000000
-0.00634140000000000
-0.00772610000000000
-0.0213980000000000
-0.0253660000000000
-0.0168120000000000
-0.0142580000000000
-0.0199450000000000
-0.0182290000000000
-0.00619600000000000
0.00193670000000000
0.00280510000000000
0.00325530000000000
0.00660810000000000
0.00796370000000000
0.00707130000000000
0.00602070000000000
0.00545060000000000
0.00487790000000000
0.00539680000000000
0.00700950000000000
0.00689880000000000
0.00457860000000000
0.00338180000000000
0.00506290000000000
0.0100900000000000
0.0168900000000000
0.0223840000000000
0.0236440000000000
0.0229140000000000
0.0201750000000000
0.0131080000000000
0.00454800000000000
0.00356780000000000
0.0101910000000000
0.0125900000000000
0.00318180000000000
-0.00799710000000000
-0.00844210000000000
-0.00190140000000000
0.000602810000000000
-0.00160890000000000
-0.00179700000000000
-0.000698570000000000
-0.00252330000000000
-0.00792430000000000
-0.0118930000000000
-0.0108770000000000
-0.00624560000000000
-0.00566110000000000
-0.0145750000000000
-0.0254700000000000
-0.0272330000000000
-0.0220580000000000
-0.0224830000000000
-0.0279710000000000
-0.0241940000000000
-0.00734400000000000
0.00588610000000000
0.00258600000000000
-0.00950080000000000
-0.0160230000000000
-0.0118450000000000
0.000124880000000000
0.0102240000000000
0.00690670000000000
-0.00938160000000000
-0.0221810000000000
-0.0199800000000000
-0.00841890000000000
0.00249640000000000
0.00986950000000000
0.0103090000000000
0.000342860000000000
-0.0136780000000000
-0.0188350000000000
-0.0135430000000000
-0.00769260000000000
-0.00739390000000000
-0.00949670000000000
-0.0128300000000000
-0.0182170000000000
-0.0243730000000000
-0.0275710000000000
-0.0238070000000000
-0.0133910000000000
-0.00427570000000000
-0.00485770000000000
-0.0101600000000000
-0.00947270000000000
-0.00175300000000000
0.00176660000000000
-0.00200860000000000
-0.00644120000000000
-0.00957380000000000
-0.0166750000000000
-0.0225420000000000
-0.0194080000000000
-0.0109060000000000
-0.00724170000000000
-0.00875750000000000
-0.0117380000000000
-0.0170500000000000
-0.0219920000000000
-0.0188810000000000
-0.00714230000000000
-0.00116330000000000
-0.00818660000000000
-0.0193000000000000
-0.0229440000000000
-0.0216550000000000
-0.0210180000000000
-0.0189770000000000
-0.0136900000000000
-0.0107190000000000
-0.0140180000000000
-0.0163690000000000
-0.0111810000000000
-0.00359280000000000
-0.00124890000000000
-0.00110530000000000
0.00138970000000000
0.00132450000000000
-0.00490840000000000
-0.00906320000000000
-0.00483140000000000
0.000536960000000000
-0.00186940000000000
-0.00503160000000000
-0.000249530000000000
0.00872670000000000
0.0123350000000000
0.0137690000000000
0.0177910000000000
0.0213580000000000
0.0205680000000000
0.0194270000000000
0.0201810000000000
0.0202100000000000
0.0200700000000000
0.0208740000000000
0.0171570000000000
0.00425510000000000
-0.00697010000000000
-0.00320680000000000
0.0100770000000000
0.0147460000000000
0.00914550000000000
0.00628810000000000
0.00885150000000000
0.00620570000000000
-0.00386950000000000
-0.0111460000000000
-0.0116790000000000
-0.0100770000000000
-0.00905750000000000
-0.00475140000000000
-0.00164840000000000
-0.00539690000000000
-0.0126790000000000
-0.0108670000000000
-0.00331130000000000
-0.00101270000000000
-0.00576820000000000
-0.00414170000000000
0.00426120000000000
0.00822970000000000
0.000939870000000000
-0.00565960000000000
-0.00475120000000000
-0.00167100000000000
-0.00341190000000000
-0.00521760000000000
-0.00354510000000000
-0.00288460000000000
-0.00418740000000000
-0.000932810000000000
0.0103990000000000
0.0202330000000000
0.0215100000000000
0.0180300000000000
0.0176960000000000
0.0197060000000000
0.0197510000000000
0.0180770000000000
0.0181360000000000
0.0196210000000000
0.0193660000000000
0.0178390000000000
0.0181950000000000
0.0197600000000000
0.0191370000000000
0.0171730000000000
0.0180710000000000
0.0213480000000000
0.0191100000000000
0.00865050000000000
-7.35110000000000e-05
0.00463380000000000
0.0175750000000000
0.0245070000000000
0.0181740000000000
0.00614210000000000
3.20600000000000e-05
0.00598460000000000
0.0174060000000000
0.0236410000000000
0.0181170000000000
0.00682390000000000
-0.00125380000000000
-0.00344510000000000
-0.00505090000000000
-0.00610990000000000
-0.00448370000000000
-0.00340930000000000
-0.00576860000000000
-0.00694260000000000
-0.00148400000000000
0.00363910000000000
0.00341040000000000
0.00424760000000000
0.0138320000000000
0.0207790000000000
0.0134240000000000
-0.00141230000000000
-0.00698440000000000
-0.00431210000000000
-0.00372720000000000
-0.00708670000000000
-0.00481760000000000
0.00113210000000000
0.00288710000000000
0.00109630000000000
0.00551940000000000
0.0117190000000000
0.00926120000000000
-0.000652040000000000
-0.00433020000000000
0.00156270000000000
0.00991380000000000
0.0137690000000000
0.0137070000000000
0.00531810000000000
-0.0120310000000000
-0.0235130000000000
-0.0119250000000000
0.0113390000000000
0.0188260000000000
0.00738420000000000
-0.00159340000000000
0.00236000000000000
0.00489140000000000
-0.00238360000000000
-0.00918950000000000
-0.00564720000000000
0.00123480000000000
0.00284250000000000
0.00199230000000000
0.00378170000000000
0.00589130000000000
0.00188580000000000
-0.00720680000000000
-0.0150210000000000
-0.0152990000000000
-0.0105350000000000
-0.00514430000000000
-0.00409450000000000
-0.00536210000000000
-0.00498230000000000
0.000350910000000000
0.00471750000000000
0.00231250000000000
-0.00393520000000000
-0.00353470000000000
0.00553560000000000
0.0125090000000000
0.0102730000000000
0.00448560000000000
0.00217560000000000
0.00375450000000000
0.00800830000000000
0.0146080000000000
0.0152250000000000
0.00547400000000000
-0.00491830000000000
-0.00284790000000000
0.00479400000000000
0.00378180000000000
-0.00345880000000000
-0.00297950000000000
0.00510180000000000
0.00494080000000000
-0.00566570000000000
-0.0126640000000000
-0.00769410000000000
-0.00277160000000000
-0.00772200000000000
-0.0176580000000000
-0.0179800000000000
-0.00665410000000000
0.00399860000000000
0.00248150000000000
-0.00822510000000000
-0.0143880000000000
-0.00954960000000000
-0.000552510000000000
0.00135030000000000
-0.00295530000000000
-0.00441450000000000
0.00107390000000000
0.00666810000000000
0.00468340000000000
-0.000730100000000000
0.00196100000000000
0.0127180000000000
0.0162980000000000
0.00150870000000000
-0.0159820000000000
-0.0117550000000000
0.0100220000000000
0.0165460000000000
-0.00105950000000000
-0.0139910000000000
-0.00469430000000000
0.00480790000000000
-0.00192880000000000
-0.00635050000000000
0.00704470000000000
0.0163760000000000
0.00561870000000000
-0.00583270000000000
0.00199310000000000
0.0147260000000000
0.0173160000000000
0.0160370000000000
0.0137980000000000
0.00248410000000000
-0.00951380000000000
-0.00128860000000000
0.0196650000000000
0.0277680000000000
0.0197540000000000
0.0142180000000000
0.0147860000000000
0.0135260000000000
0.0128630000000000
0.0170230000000000
0.0146180000000000
0.00119620000000000
-0.00779990000000000
-0.00292040000000000
-9.14080000000000e-05
-0.00659980000000000
-0.0121520000000000
-0.00865260000000000
-0.00471220000000000
-0.00281840000000000
-0.000241550000000000
0.000769720000000000
-0.00367940000000000
-0.00603310000000000
-0.00239550000000000
-0.00441810000000000
-0.0164990000000000
-0.0212420000000000
-0.00845980000000000
0.00560870000000000
0.00238280000000000
-0.00920890000000000
-0.0131800000000000
-0.00928400000000000
-0.00830600000000000
-0.00970080000000000
-0.00957670000000000
-0.00891210000000000
-0.00995180000000000
-0.0101620000000000
-0.00804190000000000
-0.00782400000000000
-0.0110490000000000
-0.0131740000000000
-0.00743220000000000
0.00121280000000000
0.00285330000000000
-0.00399030000000000
-0.00721140000000000
-0.00129330000000000
0.00330040000000000
-0.00349910000000000
-0.0106440000000000
-0.000846120000000000
0.0173370000000000
0.0178950000000000
-0.000781530000000000
-0.0118420000000000
-0.00339060000000000
0.00475020000000000
-0.00174550000000000
-0.00927690000000000
-0.00395390000000000
0.00557980000000000
0.00571860000000000
0.00127970000000000
-0.00178390000000000
-0.00591410000000000
-0.00913460000000000
0.000300390000000000
0.0159110000000000
0.0164630000000000
0.000586300000000000
-0.00824860000000000
-0.00117400000000000
0.00402200000000000
-0.00293040000000000
-0.00855280000000000
-0.00336450000000000
0.00233380000000000
-0.00115540000000000
-0.00528970000000000
0.000887750000000000
0.0123500000000000
0.0171820000000000
0.0123760000000000
0.00453390000000000
0.000289600000000000
-0.00201040000000000
-0.00673080000000000
-0.00928820000000000
0.000508940000000000
0.0153520000000000
0.0159600000000000
0.000298480000000000
-0.00950370000000000
-0.000169230000000000
0.0132040000000000
0.0146630000000000
0.00978540000000000
0.0106680000000000
0.0138820000000000
0.00967790000000000
-0.000128360000000000
-0.00695080000000000
-0.00673880000000000
-0.00307740000000000
-0.000378500000000000
-0.00227490000000000
-0.00468260000000000
0.000648000000000000
0.0124850000000000
0.0154740000000000
0.00274300000000000
-0.0111250000000000
-0.00925720000000000
0.000878330000000000
0.00108240000000000
-0.00758840000000000
-0.00898130000000000
-0.00206120000000000
-0.00375090000000000
-0.0129590000000000
-0.0141270000000000
-0.00593080000000000
-0.00806090000000000
-0.0221730000000000
-0.0298550000000000
-0.0223400000000000
-0.0161720000000000
-0.0225830000000000
-0.0292590000000000
-0.0264740000000000
-0.0206830000000000
-0.0158010000000000
-0.00653940000000000
0.000552890000000000
-0.00510630000000000
-0.0176950000000000
-0.0188500000000000
-0.00693050000000000
0.000330740000000000
-0.00766920000000000
-0.0198630000000000
-0.0213850000000000
-0.0138510000000000
-0.00672390000000000
-0.0101560000000000
-0.0212920000000000
-0.0252820000000000
-0.00878550000000000
0.0114340000000000
0.00965750000000000
-0.0117710000000000
-0.0242770000000000
-0.0191950000000000
-0.0137130000000000
-0.0147500000000000
-0.0113570000000000
-0.00472580000000000
-0.00894920000000000
-0.0177770000000000
-0.0122780000000000
0.00309780000000000
0.00570100000000000
-0.00259960000000000
-0.00445740000000000
-0.00165250000000000
-0.00573910000000000
-0.00701550000000000
0.00513500000000000
0.0133870000000000
0.00191050000000000
-0.0116470000000000
-0.00411650000000000
0.0121630000000000
0.0148990000000000
0.00770960000000000
0.00722320000000000
0.0118080000000000
0.0115570000000000
0.00822020000000000
0.00868980000000000
0.0111650000000000
0.0107230000000000
0.00874520000000000
0.00890690000000000
0.0106730000000000
0.0108920000000000
0.00879160000000000
0.00784580000000000
0.0117140000000000
0.0172580000000000
0.0178060000000000
0.0132830000000000
0.00985630000000000
0.00902060000000000
0.00874540000000000
0.00961760000000000
0.0111790000000000
0.00964330000000000
0.00709560000000000
0.00965900000000000
0.0138840000000000
0.00899130000000000
-0.00200380000000000
-0.00575450000000000
-0.00277680000000000
-0.00486070000000000
-0.00771490000000000
0.00135860000000000
0.0107710000000000
0.00228590000000000
-0.0153790000000000
-0.0185560000000000
-0.0108690000000000
-0.0107550000000000
-0.0174570000000000
-0.0139920000000000
-0.00262060000000000
-8.01880000000000e-05
-0.00597570000000000
-0.00671150000000000
-0.00245240000000000
-0.00304730000000000
-0.00698770000000000
-0.00659490000000000
-0.00348680000000000
-0.00529310000000000
-0.0126520000000000
-0.0185930000000000
-0.0189880000000000
-0.0160160000000000
-0.0139040000000000
-0.0109060000000000
-0.00547940000000000
-0.00112280000000000
-0.00456770000000000
-0.0110510000000000
-0.00980900000000000
0.00122330000000000
0.00675080000000000
-0.00177970000000000
-0.0138650000000000
-0.0141660000000000
-0.00764560000000000
-0.00524950000000000
-0.00793040000000000
-0.00794050000000000
-0.00547110000000000
-0.00290300000000000
0.000649090000000000
0.00687780000000000
0.0132640000000000
0.0164380000000000
0.0164420000000000
0.0141630000000000
0.0106030000000000
0.00757250000000000
0.00816170000000000
0.0107070000000000
0.0104690000000000
0.00796950000000000
0.00844130000000000
0.0111810000000000
0.00995950000000000
0.00654240000000000
0.0111940000000000
0.0230780000000000
0.0279470000000000
0.0207300000000000
0.0159160000000000
0.0215550000000000
0.0268890000000000
0.0215320000000000
0.0146110000000000
0.0149880000000000
0.0163120000000000
0.0143060000000000
0.0178660000000000
0.0263590000000000
0.0241100000000000
0.0111440000000000
0.00718090000000000
0.0170390000000000
0.0213520000000000
0.0122750000000000
0.00586130000000000
0.0100320000000000
0.0123170000000000
0.00792750000000000
0.00767350000000000
0.0121080000000000
0.0107410000000000
0.00627370000000000
0.00929910000000000
0.0148190000000000
0.00906280000000000
-0.00356280000000000
-0.00951070000000000
-0.00799760000000000
-0.00700640000000000
-0.00353980000000000
0.00509550000000000
0.00875920000000000
0.00168040000000000
-0.00727150000000000
-0.00937570000000000
-0.00731150000000000
-0.00147570000000000
0.00763240000000000
0.0119370000000000
0.00430450000000000
-0.00491960000000000
-0.00492880000000000
-0.00340930000000000
-0.0109730000000000
-0.0159590000000000
-0.00872910000000000
-0.000777230000000000
-0.00708920000000000
-0.0146250000000000
-0.00985410000000000
-0.000439320000000000
-0.00483810000000000
-0.0155730000000000
-0.0155690000000000
-0.00486650000000000
0.000134390000000000
-0.00474430000000000
-0.00936360000000000
-0.00723080000000000
-0.00272680000000000
-0.00222370000000000
-0.00513380000000000
-0.00705790000000000
-0.00583190000000000
-0.00264800000000000
-0.00110390000000000
-0.00394830000000000
-0.00805220000000000
-0.00655630000000000
-0.000492590000000000
0.000115980000000000
-0.00673310000000000
-0.00941270000000000
-0.00278500000000000
0.00188470000000000
-0.00405680000000000
-0.0120470000000000
-0.0108910000000000
-0.00619520000000000
-0.00614100000000000
-0.00714280000000000
-0.00163100000000000
0.00342070000000000
0.00188460000000000
-0.00402910000000000
-0.00748070000000000
-0.00744060000000000
-0.00470210000000000
-0.00240910000000000
-0.00331040000000000
-0.00650220000000000
-0.00766270000000000
-0.00540130000000000
-0.00402620000000000
-0.00264650000000000
0.00346000000000000
0.0117920000000000
0.0141180000000000
0.0111510000000000
0.0101750000000000
0.0119870000000000
0.0123570000000000
0.0112240000000000
0.0114310000000000
0.0120550000000000
0.0116260000000000
0.0117920000000000
0.0124020000000000
0.0111460000000000
0.0108760000000000
0.0156770000000000
0.0210450000000000
0.0192550000000000
0.0131450000000000
0.0107250000000000
0.0122190000000000
0.0126900000000000
0.0120110000000000
0.0122400000000000
0.0124240000000000
0.0120100000000000
0.0124800000000000
0.0129920000000000
0.0119530000000000
0.0117060000000000
0.0135640000000000
0.0134210000000000
0.0103470000000000
0.0117270000000000
0.0191050000000000
0.0226900000000000
0.0173940000000000
0.0125090000000000
0.0136280000000000
0.0121190000000000
0.00317500000000000
-0.00488260000000000
-0.00526500000000000
-0.00248950000000000
0.00199980000000000
0.00734520000000000
0.00627480000000000
-0.00800150000000000
-0.0223570000000000
-0.0189440000000000
-0.00214210000000000
0.00468980000000000
-0.00646220000000000
-0.0188050000000000
-0.0199270000000000
-0.0135970000000000
-0.0109810000000000
-0.0131840000000000
-0.0169050000000000
-0.0184260000000000
-0.0183320000000000
-0.0167190000000000
-0.0145560000000000
-0.0141900000000000
-0.0160130000000000
-0.0204040000000000
-0.0241360000000000
-0.0232220000000000
-0.0168920000000000
-0.0124750000000000
-0.0155940000000000
-0.0212850000000000
-0.0185750000000000
-0.00728180000000000
-0.00390560000000000
-0.0159190000000000
-0.0276790000000000
-0.0228210000000000
-0.0101470000000000
-0.00661570000000000
-0.00986650000000000
-0.00880770000000000
-0.00627080000000000
-0.00980860000000000
-0.0108430000000000
0.00149420000000000
0.0173420000000000
0.0182310000000000
0.00469250000000000
-0.00558280000000000
-0.00307470000000000
0.00369070000000000
0.00201270000000000
-0.0108960000000000
-0.0230800000000000
-0.0191720000000000
0.000205250000000000
0.0170580000000000
0.0231910000000000
0.0308520000000000
0.0459810000000000
0.0511970000000000
0.0340510000000000
0.0109720000000000
0.00327300000000000
0.00508710000000000
-0.00156990000000000
-0.0127250000000000
-0.00918590000000000
0.00813750000000000
0.0180580000000000
0.0145830000000000
0.0138530000000000
0.0239550000000000
0.0325910000000000
0.0293240000000000
0.0198810000000000
0.0141360000000000
0.0144300000000000
0.0168620000000000
0.0153470000000000
0.00343270000000000
-0.0155480000000000
-0.0276370000000000
-0.0250710000000000
-0.0130680000000000
0.00348740000000000
0.0257790000000000
0.0433470000000000
0.0429110000000000
0.0285540000000000
0.0171610000000000
0.0101010000000000
-0.000225940000000000
-0.00762710000000000
-0.00619190000000000
-0.0105760000000000
-0.0330320000000000
-0.0517430000000000
-0.0414230000000000
-0.0152200000000000
-0.00531620000000000
-0.0168900000000000
-0.0268720000000000
-0.0206080000000000
-0.00334910000000000
0.00954340000000000
0.00479420000000000
-0.0193130000000000
-0.0444860000000000
-0.0506860000000000
-0.0386350000000000
-0.0253660000000000
-0.0206130000000000
-0.0219700000000000
-0.0246070000000000
-0.0267950000000000
-0.0293660000000000
-0.0321410000000000
-0.0287230000000000
-0.0135170000000000
0.00448220000000000
0.00699870000000000
-0.00714930000000000
-0.0187460000000000
-0.0159880000000000
-0.0106370000000000
-0.0165730000000000
-0.0283480000000000
-0.0343780000000000
-0.0295410000000000
-0.0144730000000000
0.00339130000000000
0.00434900000000000
-0.0227710000000000
-0.0607460000000000
-0.0774130000000000
-0.0635640000000000
-0.0393850000000000
-0.0233700000000000
-0.00923120000000000
0.0151050000000000
0.0423310000000000
0.0522060000000000
0.0391430000000000
0.0205430000000000
0.0142530000000000
0.0190030000000000
0.0198140000000000
0.00677530000000000
-0.0166800000000000
-0.0340860000000000
-0.0280060000000000
0.00361570000000000
0.0382780000000000
0.0491630000000000
0.0297480000000000
-0.00316430000000000
-0.0271710000000000
-0.0262280000000000
0.00156860000000000
0.0373830000000000
0.0502430000000000
0.0277230000000000
-0.00753170000000000
-0.0214740000000000
-0.00659980000000000
0.0170140000000000
0.0270090000000000
0.0225590000000000
0.0172840000000000
0.0181030000000000
0.0182900000000000
0.0157440000000000
0.0204400000000000
0.0347800000000000
0.0395020000000000
0.0174370000000000
-0.0170000000000000
-0.0310010000000000
-0.0140840000000000
0.0150240000000000