0.00423040000000000
0.0115460000000000
0.0170870000000000
0.0148940000000000
0.00974500000000000
0.00828500000000000
0.0115260000000000
0.00870470000000000
-0.00862180000000000
-0.0364730000000000
-0.0627750000000000
-0.0782130000000000
-0.0798690000000000
-0.0660020000000000
-0.0339220000000000
0.00947960000000000
0.0445090000000000
0.0581380000000000
0.0624220000000000
0.0735570000000000
0.0782560000000000
0.0485410000000000
-0.00831120000000000
-0.0511700000000000
-0.0632180000000000
-0.0689730000000000
-0.0813360000000000
-0.0737890000000000
-0.0277170000000000
0.0325170000000000
0.0745040000000000
0.0941530000000000
0.0938360000000000
0.0633400000000000
0.00561030000000000
-0.0492540000000000
-0.0772920000000000
-0.0780000000000000
-0.0528830000000000
-0.00192130000000000
0.0508130000000000
0.0717460000000000
0.0615700000000000
0.0473250000000000
0.0301730000000000
-0.0115230000000000
-0.0658590000000000
-0.0833090000000000
-0.0432610000000000
0.0172020000000000
0.0539880000000000
0.0592470000000000
0.0442130000000000
0.0139590000000000
-0.0274610000000000
-0.0680000000000000
-0.0922430000000000
-0.0874920000000000
-0.0507500000000000
0.000556650000000000
0.0367030000000000
0.0468960000000000
0.0477700000000000
0.0477840000000000
0.0292990000000000
-0.0148070000000000
-0.0562780000000000
-0.0682750000000000
-0.0610620000000000
-0.0566830000000000
-0.0523410000000000
-0.0328590000000000
0.000356660000000000
0.0364010000000000
0.0696190000000000
0.0885160000000000
0.0752650000000000
0.0330300000000000
-0.0123240000000000
-0.0453810000000000
-0.0666560000000000
-0.0666300000000000
-0.0343150000000000
0.00932230000000000
0.0281200000000000
0.0233690000000000
0.0267530000000000
0.0398010000000000
0.0281780000000000
-0.0164050000000000
-0.0544290000000000
-0.0520000000000000
-0.0183360000000000
0.0177920000000000
0.0378600000000000
0.0339670000000000
0.00573990000000000
-0.0335570000000000
-0.0616920000000000
-0.0620860000000000
-0.0329720000000000
0.0128100000000000
0.0523190000000000
0.0675710000000000
0.0563840000000000
0.0258410000000000
-0.0172110000000000
-0.0565980000000000
-0.0698010000000000
-0.0552870000000000
-0.0390470000000000
-0.0313140000000000
-0.00573150000000000
0.0512180000000000
0.0984720000000000
0.0888810000000000
0.0356640000000000
-0.0113110000000000
-0.0351720000000000
-0.0547290000000000
-0.0734590000000000
-0.0690170000000000
-0.0320450000000000
0.0170720000000000
0.0545900000000000
0.0761370000000000
0.0869170000000000
0.0842570000000000
0.0612930000000000
0.0217460000000000
-0.0181190000000000
-0.0452980000000000
-0.0586980000000000
-0.0595610000000000
-0.0438850000000000
-0.0162690000000000
0.00194970000000000
-0.00801860000000000
-0.0391240000000000
-0.0648000000000000
-0.0650810000000000
-0.0431400000000000
-0.0162250000000000
0.0104470000000000
0.0514890000000000
0.109970000000000
0.147740000000000
0.123930000000000
0.0547750000000000
-0.00578910000000000
-0.0427900000000000
-0.0811920000000000
-0.114320000000000
-0.0967030000000000
-0.0211390000000000
0.0545980000000000
0.0789460000000000
0.0602140000000000
0.0368030000000000
0.0276580000000000
0.0255110000000000
0.0190000000000000
0.0145290000000000
0.0308310000000000
0.0633500000000000
0.0747700000000000
0.0489350000000000
0.0245360000000000
0.0321380000000000
0.0314490000000000
-0.0275810000000000
-0.113590000000000
-0.153710000000000
-0.138850000000000
-0.111070000000000
-0.0743030000000000
-0.00249920000000000
0.0781370000000000
0.103960000000000
0.0722340000000000
0.0474260000000000
0.0624400000000000
0.0743380000000000
0.0378040000000000
-0.0299460000000000
-0.0750180000000000
-0.0698220000000000
-0.0273830000000000
0.0239520000000000
0.0654660000000000
0.0916560000000000
0.0983960000000000
0.0750620000000000
0.0219840000000000
-0.0312210000000000
-0.0486530000000000
-0.0283450000000000
0.00301360000000000
0.0274070000000000
0.0432260000000000
0.0459790000000000
0.0345710000000000
0.0266730000000000
0.0400050000000000
0.0625390000000000
0.0672400000000000
0.0447910000000000
0.00862110000000000
-0.0206110000000000
-0.0271470000000000
-0.0172630000000000
-0.0218340000000000
-0.0569190000000000
-0.0946300000000000
-0.0989920000000000
-0.0702370000000000
-0.0257150000000000
0.0226140000000000
0.0408540000000000
-0.0203780000000000
-0.148790000000000
-0.256410000000000
-0.289610000000000
-0.289690000000000
-0.295490000000000
-0.261980000000000
-0.140950000000000
0.0188810000000000
0.130340000000000
0.178970000000000
0.208690000000000
0.231950000000000
0.226230000000000
0.201810000000000
0.207100000000000
0.262700000000000
0.337440000000000
0.394230000000000
0.418350000000000
0.395350000000000
0.311200000000000
0.186490000000000
0.0675080000000000
-0.0263250000000000
-0.107480000000000
-0.173460000000000
-0.206590000000000
-0.228290000000000
-0.286920000000000
-0.376590000000000
-0.428670000000000
-0.415470000000000
-0.378670000000000
-0.330530000000000
-0.205940000000000
0.0291710000000000
0.287710000000000
0.446320000000000
0.481140000000000
0.450400000000000
0.372270000000000
0.215920000000000
0.000412430000000000
-0.205280000000000
-0.391020000000000
-0.599100000000000
-0.779720000000000
-0.780930000000000
-0.550290000000000
-0.219300000000000
0.0901940000000000
0.412840000000000
0.777980000000000
1.05050000000000
1.06970000000000
0.854860000000000
0.539500000000000
0.202370000000000
-0.137130000000000
-0.432280000000000
-0.624870000000000
-0.676800000000000
-0.557470000000000
-0.278780000000000
0.0298010000000000
0.209640000000000
0.231880000000000
0.171880000000000
0.0524190000000000
-0.145000000000000
-0.355310000000000
-0.464410000000000
-0.460860000000000
-0.417910000000000
-0.332080000000000
-0.107900000000000
0.271580000000000
0.660010000000000
0.862200000000000
0.800120000000000
0.550750000000000
0.252910000000000
-0.0162170000000000
-0.254600000000000
-0.456400000000000
-0.576580000000000
-0.580100000000000
-0.462970000000000
-0.239880000000000
0.0353770000000000
0.264610000000000
0.389110000000000
0.438740000000000
0.436180000000000
0.318360000000000
0.0390660000000000
-0.300290000000000
-0.538640000000000
-0.618290000000000
-0.581060000000000
-0.443660000000000
-0.183700000000000
0.181820000000000
0.552620000000000
0.772880000000000
0.732170000000000
0.477450000000000
0.172160000000000
-0.0989920000000000
-0.378980000000000
-0.658230000000000
-0.780470000000000
-0.629640000000000
-0.299240000000000
0.0338870000000000
0.295890000000000
0.483380000000000
0.555740000000000
0.485150000000000
0.304500000000000
0.0674560000000000
-0.164150000000000
-0.305640000000000
-0.335320000000000
-0.341380000000000
-0.367350000000000
-0.294120000000000
-0.0287520000000000
0.280200000000000
0.407930000000000
0.358560000000000
0.298430000000000
0.255740000000000
0.108900000000000
-0.147760000000000
-0.340810000000000
-0.355350000000000
-0.273220000000000
-0.222680000000000
-0.198390000000000
-0.0994310000000000
0.0960100000000000
0.247160000000000
0.197570000000000
-0.0158410000000000
-0.184630000000000
-0.195040000000000
-0.135550000000000
-0.103890000000000
-0.0456510000000000
0.0883150000000000
0.171330000000000
0.0724220000000000
-0.0958370000000000
-0.121760000000000
-0.0401210000000000
-0.0686400000000000
-0.238610000000000
-0.328780000000000
-0.208160000000000
-0.000888050000000000
0.138960000000000
0.245760000000000
0.413400000000000
0.597000000000000
0.674380000000000
0.631210000000000
0.530770000000000
0.369230000000000
0.0892100000000000
-0.274210000000000
-0.582080000000000
-0.737710000000000
-0.775110000000000
-0.768320000000000
-0.717180000000000
-0.572510000000000
-0.324420000000000
-0.0283600000000000
0.234920000000000
0.406950000000000
0.489380000000000
0.519710000000000
0.497380000000000
0.376960000000000
0.168430000000000
-0.0382950000000000
-0.195200000000000
-0.347590000000000
-0.493200000000000
-0.510660000000000
-0.338450000000000
-0.112720000000000
0.00741670000000000
0.0549170000000000
0.137640000000000
0.214080000000000
0.158650000000000
-0.0126950000000000
-0.156960000000000
-0.212390000000000
-0.247820000000000
-0.288500000000000
-0.223720000000000
0.0613020000000000
0.515460000000000
0.946340000000000
1.18650000000000
1.20170000000000
1.04390000000000
0.771240000000000
0.449390000000000
0.147090000000000
-0.126520000000000
-0.421790000000000
-0.746710000000000
-1.04230000000000
-1.27670000000000
-1.46590000000000
-1.55500000000000
-1.40140000000000
-0.937410000000000
-0.270240000000000
0.450220000000000
1.12990000000000
1.69320000000000
2.01040000000000
1.95220000000000
1.50100000000000
0.841690000000000
0.215380000000000
-0.341890000000000
-0.990400000000000
-1.68740000000000
-2.04530000000000
-1.78730000000000
-1.13180000000000
-0.440430000000000
0.237520000000000
0.945250000000000
1.43960000000000
1.44710000000000
1.12000000000000
0.826190000000000
0.646670000000000
0.410310000000000
0.0947120000000000
-0.155290000000000
-0.292580000000000
-0.378990000000000
-0.422900000000000
-0.402350000000000
-0.374650000000000
-0.392570000000000
-0.392560000000000
-0.314010000000000
-0.248160000000000
-0.287800000000000
-0.299020000000000
-0.0849180000000000
0.242830000000000
0.327610000000000
0.0718380000000000
-0.197070000000000
-0.177030000000000
0.0557200000000000
0.285120000000000
0.464720000000000
0.604780000000000
0.610570000000000
0.432130000000000
0.176510000000000
-0.0651600000000000
-0.300780000000000
-0.474470000000000
-0.454080000000000
-0.261160000000000
-0.0918600000000000
-0.0534960000000000
-0.0697760000000000
-0.0821320000000000
-0.142650000000000
-0.271570000000000
-0.370200000000000
-0.333670000000000
-0.158320000000000
0.0696740000000000
0.258930000000000
0.386690000000000
0.494160000000000
0.579470000000000
0.551270000000000
0.355290000000000
0.0964880000000000
-0.0698280000000000
-0.134040000000000
-0.206120000000000
-0.303370000000000
-0.301790000000000
-0.149640000000000
0.0137780000000000
0.0524140000000000
0.0376160000000000
0.103030000000000
0.203920000000000
0.181660000000000
0.0123130000000000
-0.182650000000000
-0.315750000000000
-0.370580000000000
-0.314300000000000
-0.140590000000000
0.0491270000000000
0.164750000000000
0.250900000000000
0.368480000000000
0.443630000000000
0.378670000000000
0.208490000000000
0.0499420000000000
-0.0478760000000000
-0.114720000000000
-0.186990000000000
-0.270200000000000
-0.347580000000000
-0.396720000000000
-0.415680000000000
-0.407050000000000
-0.333960000000000
-0.159170000000000
0.0591240000000000
0.212560000000000
0.285110000000000
0.339510000000000
0.366880000000000
0.289320000000000
0.110410000000000
-0.0633410000000000
-0.171360000000000
-0.250560000000000
-0.316740000000000
-0.297750000000000
-0.131910000000000
0.124680000000000
0.340920000000000
0.426590000000000
0.386990000000000
0.264610000000000
0.0788700000000000
-0.144800000000000
-0.317130000000000
-0.343430000000000
-0.247050000000000
-0.146900000000000
-0.109190000000000
-0.0969310000000000
-0.0726750000000000
-0.0438250000000000
-0.00923570000000000
0.0439690000000000
0.0876580000000000
0.0996970000000000
0.141360000000000
0.276020000000000
0.442450000000000
0.508170000000000
0.420150000000000
0.209930000000000
-0.0797860000000000
-0.382400000000000
-0.575990000000000
-0.588850000000000
-0.491510000000000
-0.388730000000000
-0.271610000000000
-0.0661260000000000
0.219670000000000
0.470170000000000
0.564440000000000
0.479350000000000
0.301830000000000
0.139050000000000
0.0184560000000000
-0.0977490000000000
-0.199760000000000
-0.207600000000000
-0.101660000000000
0.0120510000000000
0.0413660000000000
0.0313240000000000
0.0651740000000000
0.111450000000000
0.0775630000000000
-0.0264360000000000
-0.0901690000000000
-0.0690040000000000
-0.0302460000000000
-0.0152070000000000
0.0264050000000000
0.114720000000000
0.152740000000000
0.0599450000000000
-0.0851750000000000
-0.133700000000000
-0.0723060000000000
-0.0194500000000000
-0.0457390000000000
-0.0988360000000000
-0.111200000000000
-0.0795290000000000
-0.0226310000000000
0.0613960000000000
0.168650000000000
0.272410000000000
0.353960000000000
0.393270000000000
0.343990000000000
0.185170000000000
-0.0165630000000000
-0.194640000000000
-0.387440000000000
-0.641820000000000
-0.841740000000000
-0.804100000000000
-0.537570000000000
-0.232030000000000
0.0187680000000000
0.272110000000000
0.503940000000000
0.561490000000000
0.420060000000000
0.262240000000000
0.221700000000000
0.229210000000000
0.190270000000000
0.129840000000000
0.0914380000000000
0.0439790000000000
-0.0476610000000000
-0.172620000000000
-0.310280000000000
-0.431520000000000
-0.475690000000000
-0.406310000000000
-0.261240000000000
-0.0883970000000000
0.112090000000000
0.316010000000000
0.427050000000000
0.390120000000000
0.284020000000000
0.227630000000000
0.241070000000000
0.245840000000000
0.171470000000000
0.0318880000000000
-0.106820000000000
-0.215660000000000
-0.315690000000000
-0.399390000000000
-0.407130000000000
-0.317450000000000
-0.189850000000000
-0.0751780000000000
0.0421600000000000
0.163650000000000
0.237300000000000
0.246080000000000
0.228670000000000
0.176530000000000
0.0397420000000000
-0.143010000000000
-0.261240000000000
-0.294390000000000
-0.305150000000000
-0.282050000000000
-0.156640000000000
0.0306270000000000
0.155650000000000
0.194230000000000
0.215120000000000
0.215040000000000
0.125760000000000
-0.0273020000000000
-0.133680000000000
-0.159530000000000
-0.157690000000000
-0.123210000000000
0.0113640000000000
0.222470000000000
0.372620000000000
0.377690000000000
0.287670000000000
0.172660000000000
0.0334760000000000
-0.127890000000000
-0.245930000000000
-0.276530000000000
-0.267090000000000
-0.262750000000000
-0.205970000000000
-0.0299800000000000
0.199480000000000
0.334180000000000
0.317010000000000
0.217850000000000
0.116570000000000
0.0152420000000000
-0.125890000000000
-0.310370000000000
-0.477620000000000
-0.541110000000000
-0.455020000000000
-0.242500000000000
0.0291120000000000
0.288810000000000
0.474570000000000
0.540080000000000
0.474390000000000
0.306400000000000
0.0912650000000000
-0.108190000000000
-0.248940000000000
-0.335690000000000
-0.387200000000000
-0.366780000000000
-0.224940000000000
-0.0205000000000000
0.103520000000000
0.113490000000000
0.130430000000000
0.234810000000000
0.336970000000000
0.324350000000000
0.227250000000000
0.142000000000000
0.0743230000000000
-0.0262660000000000
-0.149350000000000
-0.249460000000000
-0.331100000000000
-0.411270000000000
-0.439560000000000
-0.348560000000000
-0.158330000000000
0.0374400000000000
0.182690000000000
0.286650000000000
0.356370000000000
0.366420000000000
0.300510000000000
0.177430000000000
0.0333430000000000
-0.0934930000000000
-0.174710000000000
-0.205410000000000
-0.200780000000000
-0.167700000000000
-0.0975030000000000
0.00964120000000000
0.127880000000000
0.212240000000000
0.213480000000000
0.109930000000000
-0.0507460000000000
-0.177890000000000
-0.232070000000000
-0.254110000000000
-0.266840000000000
-0.215770000000000
-0.0591190000000000
0.139100000000000
0.276640000000000
0.322710000000000
0.302800000000000
0.225990000000000
0.0987600000000000
-0.0342810000000000
-0.128180000000000
-0.189830000000000
-0.244730000000000
-0.282460000000000
-0.268630000000000
-0.190730000000000
-0.0678420000000000
0.0593500000000000
0.146950000000000
0.177560000000000
0.175900000000000
0.164590000000000
0.127940000000000
0.0510100000000000
-0.0299690000000000
-0.0658580000000000
-0.0568150000000000
-0.0342010000000000
-0.00714200000000000
0.0298980000000000
0.0602730000000000
0.0598160000000000
0.0382060000000000
0.0315240000000000
0.0590650000000000
0.105780000000000
0.143200000000000
0.148680000000000
0.114570000000000
0.0496890000000000
-0.0271700000000000
-0.102890000000000
-0.168780000000000
-0.208830000000000
-0.204660000000000
-0.156070000000000
-0.0847200000000000
-0.0127130000000000
0.0489950000000000
0.0918460000000000
0.0984540000000000
0.0598270000000000
-0.00756300000000000
-0.0687480000000000
-0.0952060000000000
-0.0731450000000000
-0.0100480000000000
0.0614430000000000
0.100980000000000
0.0944730000000000
0.0591770000000000
0.0200620000000000
-0.00971360000000000
-0.0310370000000000
-0.0533980000000000
-0.0787900000000000
-0.0831120000000000
-0.0362370000000000
0.0479480000000000
0.110460000000000
0.118460000000000
0.0929160000000000
0.0516650000000000
-0.0203140000000000
-0.110660000000000
-0.156290000000000
-0.123480000000000
-0.0615170000000000
-0.0293280000000000
-0.0111230000000000
0.0445440000000000
0.136590000000000
0.209600000000000
0.221500000000000
0.174100000000000
0.0905040000000000
-0.00473910000000000
-0.0865750000000000
-0.129650000000000
-0.122190000000000
-0.0814670000000000
-0.0506800000000000
-0.0588780000000000
-0.0851290000000000
-0.0817480000000000
-0.0364260000000000
0.0168360000000000
0.0472360000000000
0.0568570000000000
0.0576590000000000
0.0571450000000000
0.0671520000000000
0.0894160000000000
0.0897480000000000
0.0323400000000000
-0.0606880000000000
-0.127440000000000
-0.143200000000000
-0.129970000000000
-0.0967110000000000
-0.0299690000000000
0.0520490000000000
0.0951870000000000
0.0754680000000000
0.0265760000000000
-0.00865830000000000
-0.0211320000000000
-0.0225670000000000
-0.0195910000000000
-0.00878770000000000
0.0160780000000000
0.0517110000000000
0.0772760000000000
0.0729150000000000
0.0480390000000000
0.0272550000000000
0.0139500000000000
-0.00228780000000000
-0.0100520000000000
0.00838920000000000
0.0345380000000000
0.0329930000000000
0.00939240000000000
0.00141890000000000
0.0137300000000000
0.0137330000000000
-0.00704560000000000
-0.0158000000000000
0.00753710000000000
0.0436460000000000
0.0685870000000000
0.0807910000000000
0.0861820000000000
0.0851640000000000
0.0816480000000000
0.0849640000000000
0.0969960000000000
0.105820000000000
0.0933000000000000
0.0460370000000000
-0.0284300000000000
-0.0968160000000000
-0.125040000000000
-0.110830000000000
-0.0742230000000000
-0.0243370000000000
0.0414050000000000
0.110280000000000
0.157450000000000
0.175210000000000
0.166040000000000
0.116880000000000
0.0144460000000000
-0.115140000000000
-0.220640000000000
-0.272050000000000
-0.266180000000000
-0.196100000000000
-0.0657690000000000
0.0705250000000000
0.133580000000000
0.100210000000000
0.0203510000000000
-0.0449370000000000
-0.0732280000000000
-0.0694460000000000
-0.0474220000000000
-0.0267770000000000
-0.0185000000000000
-0.00451850000000000
0.0390670000000000
0.0982990000000000
0.130220000000000
0.118820000000000
0.0906770000000000
0.0730850000000000
0.0653780000000000
0.0594710000000000
0.0562910000000000
0.0510090000000000
0.0270680000000000
-0.0197620000000000
-0.0706770000000000
-0.106140000000000
-0.122630000000000
-0.122450000000000
-0.104590000000000
-0.0691010000000000
-0.0161240000000000
0.0567500000000000
0.137430000000000
0.188450000000000
0.177740000000000
0.119140000000000
0.0569310000000000
0.0154040000000000
-0.0147470000000000
-0.0440630000000000
-0.0669980000000000
-0.0742650000000000
-0.0654550000000000
-0.0464990000000000
-0.0264300000000000
-0.00769430000000000
0.0198390000000000
0.0611780000000000
0.0909610000000000
0.0774330000000000
0.0320000000000000
0.000151510000000000
-0.00844640000000000
-0.0366770000000000
-0.110840000000000
-0.194730000000000
-0.237180000000000
-0.225730000000000
-0.169720000000000
-0.0732800000000000
0.0424350000000000
0.125870000000000
0.142910000000000
0.113990000000000
0.0726960000000000
0.0156880000000000
-0.0679240000000000
-0.145680000000000
-0.168320000000000
-0.134910000000000
-0.0853010000000000
-0.0375170000000000
0.0225950000000000
0.0876280000000000
0.117620000000000
0.0974350000000000
0.0618420000000000
0.0437300000000000
0.0380960000000000
0.0379760000000000
0.0585720000000000
0.0960620000000000
0.100470000000000
0.0365800000000000
-0.0600260000000000
-0.126320000000000
-0.149110000000000
-0.151750000000000
-0.134520000000000
-0.0769550000000000
0.0114080000000000
0.0904210000000000
0.131940000000000
0.131470000000000
0.0858630000000000
-0.00144250000000000
-0.0987420000000000
-0.164200000000000
-0.185910000000000
-0.176250000000000
-0.135980000000000
-0.0583420000000000
0.0360570000000000
0.100730000000000
0.108010000000000
0.0711290000000000
0.0202510000000000
-0.0249370000000000
-0.0535490000000000
-0.0565960000000000
-0.0340800000000000
0.000100110000000000
0.0271070000000000
0.0346490000000000
0.0219220000000000
0.000519690000000000
-0.0153570000000000
-0.0230280000000000
-0.0305720000000000
-0.0371840000000000
-0.0282420000000000
0.00273260000000000
0.0398370000000000
0.0638850000000000
0.0739940000000000
0.0760350000000000
0.0631270000000000
0.0278020000000000
-0.0141370000000000
-0.0356330000000000
-0.0332500000000000
-0.0293470000000000
-0.0375020000000000
-0.0442040000000000
-0.0306550000000000
0.00212910000000000
0.0410480000000000
0.0800410000000000
0.117550000000000
0.141070000000000
0.130780000000000
0.0809930000000000
0.0113020000000000
-0.0478940000000000
-0.0814970000000000
-0.0981610000000000
-0.111180000000000
-0.116190000000000
-0.0968970000000000
-0.0517470000000000
-0.00310780000000000
0.0271570000000000
0.0390710000000000
0.0435630000000000
0.0423540000000000
0.0333870000000000
0.0235390000000000
0.0212880000000000
0.0204900000000000
0.00731870000000000
-0.0181600000000000
-0.0389890000000000
-0.0413590000000000
-0.0302810000000000
-0.0226810000000000
-0.0302810000000000
-0.0476680000000000
-0.0591030000000000
-0.0549740000000000
-0.0402360000000000
-0.0227580000000000
-0.00131730000000000
0.0300370000000000
0.0689340000000000
0.103020000000000
0.117170000000000
0.0977250000000000
0.0394540000000000
-0.0453360000000000
-0.130360000000000
-0.193380000000000
-0.222010000000000
-0.204870000000000
-0.136940000000000
-0.0390240000000000
0.0491100000000000
0.106870000000000
0.144560000000000
0.170790000000000
0.170300000000000
0.129900000000000
0.0647640000000000
0.00123790000000000
-0.0508150000000000
-0.0918770000000000
-0.115750000000000
-0.116280000000000
-0.0997080000000000
-0.0763620000000000
-0.0479810000000000
-0.0117320000000000
0.0301480000000000
0.0709230000000000
0.102020000000000
0.113740000000000
0.103640000000000
0.0827530000000000
0.0620310000000000
0.0401140000000000
0.0166990000000000
0.00544620000000000
0.0136660000000000
0.0221040000000000
0.00605650000000000
-0.0325770000000000
-0.0736410000000000
-0.103580000000000
-0.112320000000000
-0.0841800000000000
-0.0208500000000000
0.0446700000000000
0.0808010000000000
0.0894860000000000
0.0809900000000000
0.0461290000000000
-0.0207820000000000
-0.0929090000000000
-0.136950000000000
-0.146840000000000
-0.128480000000000
-0.0760920000000000
0.00691900000000000
0.0876190000000000
0.135590000000000
0.155060000000000
0.160240000000000
0.142040000000000
0.0870540000000000
0.0100310000000000
-0.0606250000000000
-0.113930000000000
-0.150510000000000
-0.164630000000000
-0.153420000000000
-0.129030000000000
-0.100500000000000
-0.0621560000000000
-0.0135230000000000
0.0263730000000000
0.0453070000000000
0.0580850000000000
0.0824770000000000
0.110360000000000
0.122530000000000
0.114830000000000
0.0898430000000000
0.0420180000000000
-0.0250360000000000
-0.0823450000000000
-0.102280000000000
-0.0879340000000000
-0.0552650000000000
-0.00327930000000000
0.0707260000000000
0.141540000000000
0.171540000000000
0.152860000000000
0.110210000000000
0.0681760000000000
0.0341850000000000
0.00983530000000000
-0.00387490000000000
-0.0102860000000000
-0.0147220000000000
-0.0183140000000000
-0.0214790000000000
-0.0250080000000000
-0.0243190000000000
-0.0120250000000000
0.00887750000000000
0.0238050000000000
0.0222420000000000
0.00597310000000000
-0.0184380000000000
-0.0446700000000000
-0.0612370000000000
-0.0538740000000000
-0.0209420000000000
0.0193230000000000
0.0441140000000000
0.0462390000000000
0.0351120000000000
0.0208600000000000
0.00375230000000000
-0.0201050000000000
-0.0470060000000000
-0.0647020000000000
-0.0624150000000000
-0.0398060000000000
-0.00632030000000000
0.0244260000000000
0.0427520000000000
0.0487520000000000
0.0490470000000000
0.0464880000000000
0.0371470000000000
0.0194290000000000
-0.000809100000000000
-0.0180370000000000
-0.0334880000000000
-0.0462580000000000
-0.0454640000000000
-0.0221040000000000
0.0138570000000000
0.0399320000000000
0.0443760000000000
0.0340530000000000
0.0181360000000000
-0.00411900000000000
-0.0333310000000000
-0.0562730000000000
-0.0535570000000000
-0.0210750000000000
0.0245200000000000
0.0612200000000000
0.0755510000000000
0.0617000000000000
0.0199860000000000
-0.0377280000000000
-0.0886600000000000
-0.113650000000000
-0.109370000000000
-0.0841590000000000
-0.0487650000000000
-0.0147800000000000
0.00741190000000000
0.0163230000000000
0.0197490000000000
0.0223760000000000
0.0208780000000000
0.0130650000000000
0.00492210000000000
0.000218230000000000
-0.00768690000000000
-0.0253970000000000
-0.0434050000000000
-0.0430160000000000
-0.0179840000000000
0.0183320000000000
0.0478370000000000
0.0625610000000000
0.0632510000000000
0.0499800000000000
0.0217490000000000
-0.0159490000000000
-0.0485600000000000
-0.0606120000000000
-0.0461620000000000
-0.0122340000000000
0.0295470000000000
0.0715880000000000
0.107180000000000
0.122080000000000
0.102330000000000
0.0519900000000000
-0.00588150000000000
-0.0519040000000000
-0.0830760000000000
-0.100780000000000
-0.0983570000000000
-0.0713020000000000
-0.0288400000000000
0.0122570000000000
0.0410070000000000
0.0551160000000000
0.0592020000000000
0.0615690000000000
0.0675730000000000
0.0742610000000000
0.0773450000000000
0.0769950000000000
0.0720310000000000
0.0542400000000000
0.0213380000000000
-0.0139930000000000
-0.0365570000000000
-0.0458370000000000
-0.0475770000000000
-0.0394450000000000
-0.0158990000000000
0.0154590000000000
0.0390950000000000
0.0489130000000000
0.0515350000000000
0.0507100000000000
0.0416860000000000
0.0202560000000000
-0.00811080000000000
-0.0325940000000000
-0.0445420000000000
-0.0416510000000000
-0.0274080000000000
-0.00990530000000000
0.00374230000000000
0.0137110000000000
0.0263930000000000
0.0433310000000000
0.0544080000000000
0.0458960000000000
0.0163090000000000
-0.0200970000000000
-0.0463950000000000
-0.0564860000000000
-0.0532280000000000
-0.0415700000000000
-0.0275740000000000
-0.0202460000000000
-0.0239150000000000
-0.0323860000000000
-0.0362140000000000
-0.0353510000000000
-0.0352160000000000
-0.0348340000000000
-0.0283620000000000
-0.0164000000000000
-0.00598770000000000
0.000975120000000000
0.00816190000000000
0.0156750000000000
0.0187760000000000
0.0189940000000000
0.0236360000000000
0.0325450000000000
0.0346850000000000
0.0225470000000000
0.00202070000000000
-0.0186930000000000
-0.0387900000000000
-0.0587870000000000
-0.0687900000000000
-0.0575940000000000
-0.0266720000000000
0.0103890000000000
0.0429070000000000
0.0654170000000000
0.0718350000000000
0.0580980000000000
0.0315750000000000
0.00609600000000000
-0.0113650000000000
-0.0229050000000000
-0.0306970000000000
-0.0349910000000000
-0.0370250000000000
-0.0366550000000000
-0.0304560000000000
-0.0195260000000000
-0.0108430000000000
-0.00645640000000000
-0.000545570000000000
0.00693220000000000
0.00806310000000000
0.00217860000000000
-0.000991840000000000
-0.000681100000000000
-0.00950650000000000
-0.0298180000000000
-0.0434830000000000
-0.0369940000000000
-0.0200030000000000
-0.00719620000000000
0.00326770000000000
0.0192030000000000
0.0358920000000000
0.0411090000000000
0.0313380000000000
0.0130520000000000
-0.00491440000000000
-0.0130200000000000
-0.00448690000000000
0.0175530000000000
0.0405210000000000
0.0550310000000000
0.0593940000000000
0.0521610000000000
0.0293380000000000
-0.00441820000000000
-0.0325730000000000
-0.0413870000000000
-0.0322860000000000
-0.0145900000000000
0.00594510000000000
0.0260870000000000
0.0407460000000000
0.0452680000000000
0.0404070000000000
0.0295690000000000
0.0156840000000000
0.000962840000000000
-0.0126140000000000
-0.0253490000000000
-0.0380280000000000
-0.0477250000000000
-0.0498870000000000
-0.0435340000000000
-0.0313680000000000
-0.0151550000000000
0.00237750000000000
0.0144570000000000
0.0142680000000000
0.00235780000000000
-0.0136600000000000
-0.0255550000000000
-0.0284370000000000
-0.0214790000000000
-0.00655870000000000
0.0116630000000000
0.0268460000000000
0.0321130000000000
0.0246340000000000
0.00788030000000000
-0.0111760000000000
-0.0288220000000000
-0.0436190000000000
-0.0517440000000000
-0.0493830000000000
-0.0385170000000000
-0.0245790000000000
-0.00984790000000000
0.00366640000000000
0.0108350000000000
0.00839630000000000
0.00162180000000000
-0.00314110000000000
-0.00681200000000000
-0.0126610000000000
-0.0173690000000000
-0.0148900000000000
-0.00557580000000000
0.00562330000000000
0.0157780000000000
0.0246900000000000
0.0295520000000000
0.0262820000000000
0.0144560000000000
-0.000818630000000000
-0.0141870000000000
-0.0236270000000000
-0.0288300000000000
-0.0280330000000000
-0.0200880000000000
-0.00731050000000000
0.00627070000000000
0.0174020000000000
0.0215500000000000
0.0138240000000000
-0.00353910000000000
-0.0199360000000000
-0.0279270000000000
-0.0301350000000000
-0.0289640000000000
-0.0189470000000000
0.00539640000000000
0.0404900000000000
0.0767580000000000
0.101420000000000
0.0999720000000000
0.0672120000000000
0.0180220000000000
-0.0259080000000000
-0.0576690000000000
-0.0809510000000000
-0.0901720000000000
-0.0734590000000000
-0.0330010000000000
0.0128760000000000
0.0479210000000000
0.0651470000000000
0.0616960000000000
0.0392550000000000
0.00886440000000000
-0.0164580000000000
-0.0292400000000000
-0.0273430000000000
-0.0115640000000000
0.0100880000000000
0.0256680000000000
0.0295980000000000
0.0262580000000000
0.0212860000000000
0.0157170000000000
0.00843090000000000
-0.00196060000000000
-0.0149150000000000
-0.0258540000000000
-0.0295710000000000
-0.0287920000000000
-0.0310640000000000
-0.0360310000000000
-0.0347330000000000
-0.0246640000000000
-0.0150530000000000
-0.0121520000000000
-0.0114970000000000
-0.00688460000000000
0.000543180000000000
0.00841060000000000
0.0163010000000000
0.0232930000000000
0.0255700000000000
0.0224800000000000
0.0156230000000000
0.00571220000000000
-0.00680160000000000
-0.0163660000000000
-0.0181400000000000
-0.0157990000000000
-0.0170550000000000
-0.0215200000000000
-0.0216040000000000
-0.0153340000000000
-0.00884380000000000
-0.00482760000000000
0.00319800000000000
0.0190950000000000
0.0358170000000000
0.0444260000000000
0.0454070000000000
0.0429390000000000
0.0357570000000000
0.0218720000000000
0.00626850000000000
-0.00550810000000000
-0.0155610000000000
-0.0258830000000000
-0.0302470000000000
-0.0232560000000000
-0.0113120000000000
-0.00351420000000000
0.00195280000000000
0.0109950000000000
0.0201520000000000
0.0197840000000000
0.00764850000000000
-0.0110140000000000
-0.0309870000000000
-0.0482630000000000
-0.0564110000000000
-0.0493920000000000
-0.0273160000000000
0.00346240000000000
0.0344130000000000
0.0576340000000000
0.0682230000000000
0.0656710000000000
0.0530030000000000
0.0329760000000000
0.00677810000000000
-0.0250200000000000
-0.0587310000000000
-0.0860400000000000
-0.0971790000000000
-0.0870990000000000
-0.0584250000000000
-0.0185930000000000
0.0221230000000000
0.0526770000000000
0.0656630000000000
0.0628460000000000
0.0506690000000000
0.0323950000000000
0.00832370000000000
-0.0170260000000000
-0.0341220000000000
-0.0367400000000000
-0.0269430000000000
-0.0116200000000000
0.00362670000000000
0.0147190000000000
0.0183550000000000
0.0131180000000000
0.00148110000000000
-0.0105100000000000
-0.0168500000000000
-0.0150260000000000
-0.00646920000000000
0.00666080000000000
0.0206510000000000
0.0302890000000000
0.0317110000000000
0.0279180000000000
0.0238160000000000
0.0197900000000000
0.0126080000000000
0.00469000000000000
0.00246260000000000
0.00816710000000000
0.0168270000000000
0.0231360000000000
0.0228060000000000
0.0102660000000000
-0.0169310000000000
-0.0501010000000000
-0.0739300000000000
-0.0790650000000000
-0.0661280000000000
-0.0402220000000000
-0.00775940000000000
0.0235110000000000
0.0463700000000000
0.0565210000000000
0.0507640000000000
0.0281130000000000
-0.00458420000000000
-0.0330460000000000
-0.0470330000000000
-0.0464450000000000
-0.0349870000000000
-0.0139590000000000
0.0129000000000000
0.0367820000000000
0.0504240000000000
0.0540780000000000
0.0495350000000000
0.0358650000000000
0.0138720000000000
-0.00986030000000000
-0.0299980000000000
-0.0469770000000000
-0.0608070000000000
-0.0648150000000000
-0.0527310000000000
-0.0278640000000000
0.000159330000000000
0.0241780000000000
0.0408860000000000
0.0476830000000000
0.0436490000000000
0.0310110000000000
0.0137930000000000
-0.00450080000000000
-0.0200530000000000
-0.0293900000000000
-0.0305080000000000
-0.0235220000000000
-0.00977010000000000
0.00608040000000000
0.0169790000000000
0.0183080000000000
0.0109540000000000
-0.00174090000000000
-0.0167150000000000
-0.0304000000000000
-0.0386930000000000
-0.0398040000000000
-0.0341250000000000
-0.0220580000000000
-0.00497620000000000
0.0115120000000000
0.0216100000000000
0.0239080000000000
0.0197790000000000
0.00959740000000000
-0.00414440000000000
-0.0149140000000000
-0.0173440000000000
-0.0119180000000000
-0.000911270000000000
0.0154720000000000
0.0348320000000000
0.0493630000000000
0.0536510000000000
0.0514030000000000
0.0489140000000000
0.0457730000000000
0.0379510000000000
0.0256240000000000
0.0116180000000000
-0.00443040000000000
-0.0237410000000000
-0.0418680000000000
-0.0518630000000000
-0.0531340000000000
-0.0500300000000000
-0.0418690000000000
-0.0235510000000000
0.00334190000000000
0.0282410000000000
0.0440530000000000
0.0534020000000000
0.0604160000000000
0.0626640000000000
0.0556690000000000
0.0385550000000000
0.0141990000000000
-0.0121040000000000
-0.0328810000000000
-0.0435900000000000
-0.0465810000000000
-0.0465990000000000
-0.0433470000000000
-0.0337340000000000
-0.0171550000000000
0.00461030000000000
0.0289160000000000
0.0488520000000000
0.0563860000000000
0.0511880000000000
0.0414940000000000
0.0336510000000000
0.0272960000000000
0.0203710000000000
0.0118930000000000
0.000920330000000000
-0.0108800000000000
-0.0168860000000000
-0.0137530000000000
-0.00782730000000000
-0.00547190000000000
-0.00360580000000000
0.00349610000000000
0.0131460000000000
0.0196320000000000
0.0227710000000000
0.0255560000000000
0.0261360000000000
0.0215830000000000
0.0135430000000000
0.00539630000000000
-0.00295230000000000
-0.0109030000000000
-0.0153720000000000
-0.0144360000000000
-0.00925060000000000
0.000709230000000000
0.0167510000000000
0.0355090000000000
0.0484740000000000
0.0498620000000000
0.0394010000000000
0.0189180000000000
-0.00762040000000000
-0.0317770000000000
-0.0459530000000000
-0.0497400000000000
-0.0452870000000000
-0.0308320000000000
-0.00580220000000000
0.0216110000000000
0.0413130000000000
0.0516830000000000
0.0553960000000000
0.0494770000000000
0.0303050000000000
0.00387840000000000
-0.0189180000000000
-0.0342340000000000
-0.0433350000000000
-0.0434730000000000
-0.0300200000000000
-0.00545330000000000
0.0213070000000000
0.0418210000000000
0.0506680000000000
0.0452730000000000
0.0289960000000000
0.0101540000000000
-0.00555410000000000
-0.0192740000000000
-0.0323190000000000
-0.0415060000000000
-0.0432700000000000
-0.0384620000000000
-0.0298880000000000
-0.0193370000000000
-0.00781350000000000
0.00341470000000000
0.0110690000000000
0.0100820000000000
-0.00190540000000000
-0.0185580000000000
-0.0294590000000000
-0.0304400000000000
-0.0252350000000000
-0.0164500000000000
-0.00309930000000000
0.0124650000000000
0.0230650000000000
0.0241760000000000
0.0174480000000000
0.00576800000000000
-0.00873910000000000
-0.0226400000000000
-0.0322370000000000
-0.0367390000000000
-0.0359170000000000
-0.0285460000000000
-0.0159640000000000
-0.00339930000000000
0.00549480000000000
0.0112470000000000
0.0143090000000000
0.0139130000000000
0.0121390000000000
0.0117540000000000
0.00990330000000000
0.00155800000000000
-0.00957210000000000
-0.0144940000000000
-0.0124050000000000
-0.0116440000000000
-0.0150690000000000
-0.0164850000000000
-0.0127460000000000
-0.00929380000000000
-0.0101090000000000
-0.0113650000000000
-0.00867060000000000
-0.00341800000000000
0.00175260000000000
0.00650080000000000
0.00940200000000000
0.00748010000000000
0.00165410000000000
-0.00386380000000000
-0.00781040000000000
-0.0127100000000000
-0.0189090000000000
-0.0227220000000000
-0.0204550000000000
-0.0115810000000000
0.00257200000000000
0.0184360000000000
0.0303350000000000
0.0345940000000000
0.0325530000000000
0.0257960000000000
0.0130930000000000
-0.00454970000000000
-0.0202780000000000
-0.0271980000000000
-0.0247240000000000
-0.0151700000000000
0.000184620000000000
0.0174820000000000
0.0280240000000000
0.0270490000000000
0.0187800000000000
0.0102090000000000
0.00282920000000000
-0.00440550000000000
-0.0107130000000000
-0.0140060000000000
-0.0148680000000000
-0.0138440000000000
-0.0104520000000000
-0.00419930000000000
0.00365020000000000
0.0120100000000000
0.0182600000000000
0.0197550000000000
0.0170770000000000
0.0146970000000000
0.0142540000000000
0.0130360000000000
0.00912420000000000
0.00489540000000000
0.00205880000000000
-0.000766990000000000
-0.00485440000000000
-0.00892330000000000
-0.0113310000000000
-0.0112520000000000
-0.00837590000000000
-0.00403410000000000
-0.000465490000000000
0.00163580000000000
0.00266310000000000
0.000392430000000000
-0.00788980000000000
-0.0190200000000000
-0.0245910000000000
-0.0199070000000000
-0.00838950000000000
0.00390980000000000
0.0134620000000000
0.0186890000000000
0.0182860000000000
0.0117690000000000
-0.000246330000000000
-0.0149890000000000
-0.0275150000000000
-0.0336870000000000
-0.0332880000000000
-0.0285270000000000
-0.0208580000000000
-0.0115550000000000
-0.00319470000000000
0.00122030000000000
0.000754010000000000
-0.00372280000000000
-0.0108390000000000
-0.0183190000000000
-0.0235700000000000
-0.0260860000000000
-0.0267390000000000
-0.0233180000000000
-0.0127640000000000
0.00155030000000000
0.0106470000000000
0.0104180000000000
0.00566800000000000
0.00254340000000000
0.00183500000000000
0.00192650000000000
0.00241110000000000
0.00276580000000000
0.00215450000000000
0.00181660000000000
0.00305170000000000
0.00350410000000000
0.000640080000000000
-0.00332330000000000
-0.00489290000000000
-0.00513110000000000
-0.00529300000000000
-0.00151390000000000
0.00950440000000000
0.0228380000000000
0.0307730000000000
0.0311390000000000
0.0258510000000000
0.0162270000000000
0.00447640000000000
-0.00502000000000000
-0.00985880000000000
-0.0112320000000000
-0.0104730000000000
-0.00775060000000000
-0.00461920000000000
-0.00315380000000000
-0.00291460000000000
-0.00305480000000000
-0.00480950000000000
-0.00861070000000000
-0.0109270000000000
-0.00908420000000000
-0.00487160000000000
-0.00147980000000000
0.00108020000000000
0.00328840000000000
0.00352240000000000
0.000618080000000000
-0.00310970000000000
-0.00489780000000000
-0.00665100000000000
-0.0124700000000000
-0.0214980000000000
-0.0254270000000000
-0.0190320000000000
-0.00796010000000000
-0.00237790000000000
-0.00288300000000000
-0.00211840000000000
0.00205920000000000
0.00281470000000000
-0.00287810000000000
-0.00783260000000000
-0.00476560000000000
0.00384800000000000
0.0113490000000000
0.0157330000000000
0.0178060000000000
0.0161010000000000
0.00789650000000000
-0.00616470000000000
-0.0221370000000000
-0.0347440000000000
-0.0397940000000000
-0.0352340000000000
-0.0224770000000000
-0.00563250000000000
0.0112450000000000
0.0256160000000000
0.0357320000000000
0.0397730000000000
0.0365570000000000
0.0255040000000000
0.00839230000000000
-0.00983700000000000
-0.0232930000000000
-0.0302030000000000
-0.0333070000000000
-0.0354410000000000
-0.0353230000000000
-0.0298040000000000
-0.0177520000000000
-0.000582580000000000
0.0191060000000000
0.0367160000000000
0.0458700000000000
0.0431330000000000
0.0315960000000000
0.0174670000000000
0.00393220000000000
-0.00875360000000000
-0.0186760000000000
-0.0217520000000000
-0.0163330000000000
-0.00495180000000000
0.00884350000000000
0.0222260000000000
0.0315450000000000
0.0327490000000000
0.0239160000000000
0.00618970000000000
-0.0166600000000000
-0.0376770000000000
-0.0482860000000000
-0.0445750000000000
-0.0304430000000000
-0.0119040000000000
0.00870420000000000
0.0294930000000000
0.0450460000000000
0.0500440000000000
0.0442320000000000
0.0313210000000000
0.0149910000000000
-0.00146310000000000
-0.0151970000000000
-0.0247810000000000
-0.0308700000000000
-0.0339650000000000
-0.0349540000000000
-0.0339640000000000
-0.0284030000000000
-0.0151750000000000
0.00309630000000000
0.0202320000000000
0.0345870000000000
0.0473830000000000
0.0556230000000000
0.0539200000000000
0.0446070000000000
0.0340110000000000
0.0213440000000000
0.00134520000000000
-0.0215920000000000
-0.0354890000000000
-0.0361360000000000
-0.0292550000000000
-0.0186390000000000
-0.00243850000000000
0.0187280000000000
0.0383560000000000
0.0500570000000000
0.0508530000000000
0.0409870000000000
0.0246350000000000
0.00926450000000000
-0.00108160000000000
-0.00755790000000000
-0.0102660000000000
-0.00530060000000000
0.00855300000000000
0.0245500000000000
0.0339890000000000
0.0333680000000000
0.0249250000000000
0.0124020000000000
0.00101420000000000
-0.00472360000000000
-0.00363010000000000
0.00125600000000000
0.00658660000000000
0.0102990000000000
0.0107540000000000
0.00614120000000000
-0.00366300000000000
-0.0164090000000000
-0.0294760000000000
-0.0399040000000000
-0.0428560000000000
-0.0335590000000000
-0.0134370000000000
0.00876900000000000
0.0231610000000000
0.0266580000000000
0.0232660000000000
0.0183540000000000
0.0141690000000000
0.0117370000000000
0.0120190000000000
0.0142450000000000
0.0158960000000000
0.0157470000000000
0.0138750000000000
0.00901130000000000
-0.000121320000000000
-0.0109870000000000
-0.0186550000000000
-0.0227060000000000
-0.0265520000000000
-0.0295170000000000
-0.0260090000000000
-0.0148740000000000
-0.00274280000000000
0.00484980000000000
0.00901930000000000
0.0128370000000000
0.0150250000000000
0.0131190000000000
0.00749730000000000
0.000428380000000000
-0.00667420000000000
-0.0122820000000000
-0.0146330000000000
-0.0136380000000000
-0.0109250000000000
-0.00811580000000000
-0.00636180000000000
-0.00638670000000000
-0.00755770000000000
-0.00761080000000000
-0.00537170000000000
-0.00239610000000000
-0.000448360000000000
0.00120830000000000
0.00428950000000000
0.00841280000000000
0.0114180000000000
0.0108950000000000
0.00638980000000000
0.000181650000000000
-0.00463910000000000
-0.00827030000000000
-0.0139230000000000
-0.0219070000000000
-0.0274880000000000
-0.0263350000000000
-0.0191790000000000
-0.00794290000000000
0.00697470000000000
0.0228670000000000
0.0328630000000000
0.0330680000000000
0.0263230000000000
0.0170550000000000
0.00664200000000000
-0.00304080000000000
-0.00820570000000000
-0.00723900000000000
-0.00238930000000000
0.00443940000000000
0.0123070000000000
0.0178820000000000
0.0173950000000000
0.0117440000000000
0.00495730000000000
-0.00135820000000000
-0.00666370000000000
-0.00728260000000000
-0.000288800000000000
0.0111400000000000
0.0215430000000000
0.0299450000000000
0.0367980000000000
0.0395450000000000
0.0354330000000000
0.0254290000000000
0.0126840000000000
-0.000642010000000000
-0.0121610000000000
-0.0204170000000000
-0.0261640000000000
-0.0306310000000000
-0.0306700000000000
-0.0227960000000000
-0.00944560000000000
0.00288740000000000
0.0105770000000000
0.0132650000000000
0.0104880000000000
0.00226270000000000
-0.00940980000000000
-0.0217640000000000
-0.0323730000000000
-0.0377320000000000
-0.0348720000000000
-0.0256010000000000
-0.0158900000000000
-0.00918050000000000
-0.00422050000000000
0.000516210000000000
0.00382280000000000
0.00389830000000000
0.000327370000000000
-0.00511300000000000
-0.00842430000000000
-0.00631010000000000
-1.54450000000000e-05
0.00611020000000000
0.0102230000000000
0.0141440000000000
0.0184610000000000
0.0200600000000000
0.0161530000000000
0.00795380000000000
-0.00304900000000000
-0.0168630000000000
-0.0313350000000000
-0.0400410000000000
-0.0386700000000000
-0.0284210000000000
-0.0124150000000000
0.00772350000000000
0.0279060000000000
0.0404690000000000
0.0420010000000000
0.0375760000000000
0.0322680000000000
0.0238780000000000
0.0101300000000000
-0.00391070000000000
-0.0116560000000000
-0.0132260000000000
-0.0116650000000000
-0.00666100000000000
0.00147400000000000
0.00763920000000000
0.00755310000000000
0.00373000000000000
0.000654570000000000
-0.000772170000000000
-0.000747120000000000
0.00192700000000000
0.00587650000000000
0.00656480000000000
0.00252660000000000
-0.00256440000000000
-0.00593770000000000
-0.00912460000000000
-0.0144820000000000
-0.0218060000000000
-0.0289970000000000
-0.0336900000000000
-0.0336940000000000
-0.0282070000000000
-0.0186300000000000
-0.00738030000000000
0.00346630000000000
0.0126490000000000
0.0190060000000000
0.0210620000000000
0.0163660000000000
0.00449880000000000
-0.0103780000000000
-0.0217270000000000
-0.0271570000000000
-0.0280150000000000
-0.0241980000000000
-0.0138310000000000
0.000920480000000000
0.0139050000000000
0.0211430000000000
0.0232560000000000
0.0209610000000000
0.0128860000000000
-0.00123270000000000
-0.0169200000000000
-0.0272600000000000
-0.0284250000000000
-0.0222560000000000
-0.0128710000000000
-0.00257850000000000
0.00715200000000000
0.0131300000000000
0.0121170000000000
0.00586900000000000
0.000100970000000000
-0.00167280000000000
-0.00109430000000000
-0.000929350000000000
-0.00213800000000000
-0.00348890000000000
-0.00380500000000000
-0.00357970000000000
-0.00560970000000000
-0.0101420000000000
-0.0137790000000000
-0.0142260000000000
-0.0144920000000000
-0.0159230000000000
-0.0132330000000000
-0.00196360000000000
0.0116110000000000
0.0175550000000000
0.0148410000000000
0.00989680000000000
0.00460810000000000
-0.00330190000000000
-0.0124610000000000
-0.0180250000000000
-0.0194540000000000
-0.0195780000000000
-0.0180710000000000
-0.0118270000000000
-0.00206250000000000
0.00512310000000000
0.00643920000000000
0.00421710000000000
0.00153510000000000
-0.00111210000000000
-0.00343910000000000
-0.00413710000000000
-0.00346850000000000
-0.00358670000000000
-0.00487540000000000
-0.00437700000000000
-0.000429660000000000
0.00551980000000000
0.0119720000000000
0.0191190000000000
0.0254410000000000
0.0275110000000000
0.0246050000000000
0.0193780000000000
0.0131890000000000
0.00516100000000000
-0.00281430000000000
-0.00652570000000000
-0.00524400000000000
-0.00250060000000000
-0.000536530000000000
0.000287850000000000
-0.00191700000000000
-0.00832850000000000
-0.0140270000000000
-0.0125540000000000
-0.00448590000000000
0.00364380000000000
0.00854220000000000
0.0115120000000000
0.0136510000000000
0.0137800000000000
0.0117260000000000
0.00866130000000000
0.00500550000000000
0.000149040000000000
-0.00528790000000000
-0.00945180000000000
-0.0117930000000000
-0.0145240000000000
-0.0210450000000000
-0.0312270000000000
-0.0396330000000000
-0.0408500000000000
-0.0352310000000000
-0.0262100000000000
-0.0146210000000000
-5.16990000000000e-05
0.0145220000000000
0.0243860000000000
0.0280280000000000
0.0269270000000000
0.0210840000000000
0.0102380000000000
-0.00297990000000000
-0.0142500000000000
-0.0216090000000000
-0.0242770000000000
-0.0218650000000000
-0.0157440000000000
-0.00912760000000000
-0.00377480000000000
1.65720000000000e-05
0.00133120000000000
-0.000944940000000000
-0.00454500000000000
-0.00502950000000000
-0.000856270000000000
0.00530410000000000
0.0114260000000000
0.0167040000000000
0.0193650000000000
0.0178170000000000
0.0145280000000000
0.0125650000000000
0.0107290000000000
0.00609030000000000
-0.000211400000000000
-0.00423020000000000
-0.00447330000000000
-0.00121420000000000
0.00633960000000000
0.0174920000000000
0.0268400000000000
0.0289040000000000
0.0238710000000000
0.0151680000000000
0.00530300000000000
-0.00385250000000000
-0.0102760000000000
-0.0129380000000000
-0.0113460000000000
-0.00471510000000000
0.00502570000000000
0.0130170000000000
0.0170280000000000
0.0197080000000000
0.0210380000000000
0.0163420000000000
0.00510870000000000
-0.00540150000000000
-0.00989160000000000
-0.0106270000000000
-0.0106360000000000
-0.00878140000000000
-0.00477870000000000
-0.00205380000000000
-0.00231550000000000
-0.00329410000000000
-0.00333130000000000
-0.00295420000000000
-0.00151850000000000
0.00300110000000000
0.0107700000000000
0.0192400000000000
0.0246410000000000
0.0243900000000000
0.0186820000000000
0.0101190000000000
0.000218110000000000
-0.0108270000000000
-0.0214370000000000
-0.0281820000000000
-0.0300400000000000
-0.0279240000000000
-0.0211120000000000
-0.00853580000000000
0.00601580000000000
0.0168640000000000
0.0229330000000000
0.0264120000000000
0.0259950000000000
0.0189850000000000
0.00773850000000000
-0.00143850000000000
-0.00626870000000000
-0.00924710000000000
-0.0118820000000000
-0.0122740000000000
-0.00895420000000000
-0.00338280000000000
0.00169890000000000
0.00519470000000000
0.00832650000000000
0.0119950000000000
0.0142330000000000
0.0125060000000000
0.00749050000000000
0.00231170000000000
-0.00134650000000000
-0.00405420000000000
-0.00656180000000000
-0.00960690000000000
-0.0138650000000000
-0.0180060000000000
-0.0180270000000000
-0.0126510000000000
-0.00585450000000000
-0.00137590000000000
0.00260940000000000
0.00824830000000000
0.0121640000000000
0.00938460000000000
0.00175050000000000
-0.00406030000000000
-0.00518950000000000
-0.00495280000000000
-0.00521150000000000
-0.00354810000000000
0.00100480000000000
0.00382720000000000
0.00135340000000000
-0.00326580000000000
-0.00456290000000000
-0.00359840000000000
-0.00486630000000000
-0.00799010000000000
-0.00718460000000000
-0.000379340000000000
0.00885790000000000
0.0164040000000000
0.0216150000000000
0.0243040000000000
0.0232660000000000
0.0187050000000000
0.0131670000000000
0.00829070000000000
0.00353540000000000
-0.000747960000000000
-0.00330070000000000
-0.00433710000000000
-0.00541000000000000
-0.00612510000000000
-0.00398490000000000
0.00179380000000000
0.00813560000000000
0.0115310000000000
0.0118910000000000
0.0102880000000000
0.00658010000000000
0.00178740000000000
-0.00100960000000000
-0.000888890000000000
-0.000592300000000000
-0.00148620000000000
-0.00107060000000000
0.00149860000000000
0.00272640000000000
0.00109740000000000
0.00148740000000000
0.00645210000000000
0.0106410000000000
0.00804540000000000
0.000810760000000000
-0.00631470000000000
-0.0131390000000000
-0.0211660000000000
-0.0270800000000000
-0.0264210000000000
-0.0195740000000000
-0.0106190000000000
-0.00165970000000000
0.00654230000000000
0.0126390000000000
0.0147950000000000
0.0130080000000000
0.00800450000000000
0.000923350000000000
-0.00641930000000000
-0.0115160000000000
-0.0128980000000000
-0.0109280000000000
-0.00694010000000000
-0.00271920000000000
0.000289480000000000
0.00143290000000000
0.00148410000000000
0.00151240000000000
0.00194310000000000
0.00239720000000000
0.00218240000000000
7.39930000000000e-05
-0.00423550000000000
-0.00824820000000000
-0.00788950000000000
-0.00270450000000000
0.00227950000000000
0.00142820000000000
-0.00451180000000000
-0.0101190000000000
-0.0122470000000000
-0.0113300000000000
-0.00709450000000000
0.00100630000000000
0.00983120000000000
0.0150190000000000
0.0164370000000000
0.0172700000000000
0.0172170000000000
0.0130950000000000
0.00520210000000000
-0.00121960000000000
-0.00286840000000000
-0.000223700000000000
0.00563850000000000
0.0146560000000000
0.0243980000000000
0.0304160000000000
0.0294150000000000
0.0217470000000000
0.0104800000000000
-0.00125310000000000
-0.0119190000000000
-0.0208890000000000
-0.0253260000000000
-0.0217060000000000
-0.00998750000000000
0.00456430000000000
0.0168280000000000
0.0247970000000000
0.0278610000000000
0.0247150000000000
0.0162640000000000
0.00626870000000000
-0.00209280000000000
-0.00929130000000000
-0.0161830000000000
-0.0207970000000000
-0.0200620000000000
-0.0139440000000000
-0.00556750000000000
0.00158910000000000
0.00593080000000000
0.00762540000000000
0.00741200000000000
0.00641780000000000
0.00589500000000000
0.00570860000000000
0.00463030000000000
0.00291380000000000
0.00238380000000000
0.00355340000000000
0.00476620000000000
0.00496990000000000
0.00486320000000000
0.00477190000000000
0.00351920000000000
0.000122190000000000
-0.00459890000000000
-0.00863540000000000
-0.00889520000000000
-0.00393170000000000
0.00307280000000000
0.00630520000000000
0.00509830000000000
0.00414760000000000
0.00553270000000000
0.00553820000000000
0.00273990000000000
0.00141520000000000
0.00385760000000000
0.00589960000000000
0.00503630000000000
0.00460980000000000
0.00610150000000000
0.00479750000000000
-0.00156300000000000
-0.00770140000000000
-0.00904280000000000
-0.00812900000000000
-0.00835560000000000
-0.00864510000000000
-0.00795710000000000
-0.00824190000000000
-0.00932990000000000
-0.00744770000000000
-0.00167660000000000
0.00386110000000000
0.00642000000000000
0.00641710000000000
0.00280900000000000
-0.00601070000000000
-0.0160110000000000
-0.0216890000000000
-0.0235190000000000
-0.0255620000000000
-0.0259030000000000
-0.0195460000000000
-0.00770860000000000
0.00244690000000000
0.00825010000000000
0.0128620000000000
0.0173990000000000
0.0191930000000000
0.0169400000000000
0.0117680000000000
0.00475530000000000
-0.00261960000000000
-0.00816660000000000
-0.0112060000000000
-0.0124220000000000
-0.0103470000000000
-0.00369270000000000
0.00370520000000000
0.00603760000000000
0.00467540000000000
0.00523170000000000
0.00655480000000000
0.00240350000000000
-0.00604940000000000
-0.0103230000000000
-0.00874150000000000
-0.00782480000000000
-0.00978020000000000
-0.00893320000000000
-0.00311840000000000
0.00246630000000000
0.00408640000000000
0.00415300000000000
0.00420130000000000
0.00168400000000000
-0.00426410000000000
-0.00969220000000000
-0.0118300000000000
-0.0122360000000000
-0.0130450000000000
-0.0134380000000000
-0.0112160000000000
-0.00590970000000000
0.000173520000000000
0.00372450000000000
0.00405080000000000
0.00309140000000000
0.00237950000000000
0.00101890000000000
-0.00172050000000000
-0.00424020000000000
-0.00468700000000000
-0.00357410000000000
-0.00266520000000000
-0.00218110000000000
-0.00168380000000000
-0.00145070000000000
-0.00224010000000000
-0.00360490000000000
-0.00453830000000000
-0.00446280000000000
-0.00425980000000000
-0.00566180000000000
-0.00926820000000000
-0.0130540000000000
-0.0149730000000000
-0.0157940000000000
-0.0167450000000000
-0.0161480000000000
-0.0115630000000000
-0.00484610000000000
-7.53980000000000e-05
0.00204190000000000
0.00343700000000000
0.00394330000000000
0.00272430000000000
0.00140380000000000
0.000630390000000000
-0.00226520000000000
-0.00801190000000000
-0.0121570000000000
-0.0115360000000000
-0.00895190000000000
-0.00699950000000000
-0.00450680000000000
-0.00236730000000000
-0.00512900000000000
-0.0113610000000000
-0.0130360000000000
-0.00734340000000000
-0.00112090000000000
0.000599300000000000
0.000479800000000000
0.000229510000000000
-0.00359840000000000
-0.0110710000000000
-0.0155520000000000
-0.0142790000000000
-0.0125470000000000
-0.0144260000000000
-0.0161360000000000
-0.0135030000000000
-0.00904990000000000
-0.00807090000000000
-0.0110340000000000
-0.0144970000000000
-0.0160030000000000
-0.0158670000000000
-0.0154180000000000
-0.0156500000000000
-0.0161600000000000
-0.0158260000000000
-0.0155480000000000
-0.0180160000000000