0.00983000000000000
0.0269320000000000
0.0388800000000000
0.0369270000000000
0.0338050000000000
0.0385410000000000
0.0456650000000000
0.0377440000000000
0.00953340000000000
-0.0240760000000000
-0.0471380000000000
-0.0578550000000000
-0.0597270000000000
-0.0483060000000000
-0.0144690000000000
0.0311360000000000
0.0592630000000000
0.0556740000000000
0.0381060000000000
0.0208420000000000
-0.00208410000000000
-0.0231690000000000
-0.0146980000000000
0.0138500000000000
0.0126930000000000
-0.0250310000000000
-0.0451510000000000
-0.0284290000000000
-0.0183940000000000
-0.0295790000000000
-0.0203790000000000
0.0119190000000000
0.0131760000000000
-0.0227690000000000
-0.0325600000000000
-0.00145470000000000
0.00720830000000000
-0.0293470000000000
-0.0513080000000000
-0.0268950000000000
-0.00488680000000000
-0.0238740000000000
-0.0557610000000000
-0.0618300000000000
-0.0466730000000000
-0.0292720000000000
-0.0119160000000000
0.0143640000000000
0.0448110000000000
0.0584660000000000
0.0384970000000000
0.00583360000000000
0.00330200000000000
0.0354190000000000
0.0569290000000000
0.0415010000000000
0.0123400000000000
-0.0118460000000000
-0.0412200000000000
-0.0676430000000000
-0.0620220000000000
-0.0288180000000000
0.000366960000000000
0.0273000000000000
0.0624980000000000
0.0715580000000000
0.0279070000000000
-0.0138730000000000
0.000180600000000000
0.0243880000000000
-0.00277510000000000
-0.0375730000000000
-0.0170510000000000
0.0105350000000000
-0.0246460000000000
-0.0694410000000000
-0.0426480000000000
0.00537360000000000
-0.0185060000000000
-0.0746740000000000
-0.0656010000000000
-0.0143190000000000
-0.00975450000000000
-0.0375940000000000
-0.0238610000000000
0.0154230000000000
0.0160670000000000
-0.00618220000000000
-0.00627080000000000
-0.00887700000000000
-0.0379410000000000
-0.0408900000000000
0.00264330000000000
0.0191390000000000
-0.0172120000000000
-0.0211080000000000
0.0350360000000000
0.0540890000000000
0.00218120000000000
-0.0204980000000000
0.0259820000000000
0.0465760000000000
0.00369160000000000
-0.0150380000000000
0.0221390000000000
0.0338230000000000
-0.00242690000000000
-0.0144400000000000
0.00885550000000000
0.00503070000000000
-0.0145830000000000
0.00699060000000000
0.0343820000000000
0.00404880000000000
-0.0310540000000000
0.00416510000000000
0.0480280000000000
0.0100480000000000
-0.0550370000000000
-0.0464150000000000
0.00582700000000000
0.0137330000000000
-0.00786680000000000
-0.00339260000000000
0.00692350000000000
-0.0106550000000000
-0.0128620000000000
0.0245370000000000
0.0371690000000000
-0.00701850000000000
-0.0322140000000000
0.00527080000000000
0.0303570000000000
-0.00584310000000000
-0.0295730000000000
0.0208220000000000
0.0800100000000000
0.0717990000000000
0.0285570000000000
0.0133750000000000
0.0170940000000000
0.00714330000000000
-0.00278860000000000
-0.000188430000000000
-0.00485110000000000
-0.0208100000000000
-0.0167590000000000
0.00851840000000000
0.0230810000000000
0.0160810000000000
0.00643890000000000
-0.00606130000000000
-0.0321170000000000
-0.0578690000000000
-0.0620700000000000
-0.0474870000000000
-0.0254120000000000
-0.000838280000000000
0.00618220000000000
-0.0184070000000000
-0.0429780000000000
-0.0241220000000000
0.0170580000000000
0.0230400000000000
-0.00988390000000000
-0.0330400000000000
-0.0276960000000000
-0.0145770000000000
0.00323090000000000
0.0418690000000000
0.0866180000000000
0.0955320000000000
0.0541040000000000
-0.00640370000000000
-0.0463980000000000
-0.0546580000000000
-0.0449810000000000
-0.0298400000000000
-0.00759360000000000
0.0154790000000000
0.0173020000000000
-0.00851830000000000
-0.0315830000000000
-0.0336470000000000
-0.0375550000000000
-0.0591230000000000
-0.0657610000000000
-0.0398840000000000
-0.0208010000000000
-0.0408490000000000
-0.0735220000000000
-0.0874990000000000
-0.0827330000000000
-0.0520610000000000
0.0174470000000000
0.0893970000000000
0.107010000000000
0.0855850000000000
0.0856360000000000
0.100980000000000
0.0785110000000000
0.0355060000000000
0.0378350000000000
0.0804870000000000
0.102320000000000
0.101290000000000
0.120150000000000
0.143330000000000
0.119050000000000
0.0670400000000000
0.0583030000000000
0.0970040000000000
0.114940000000000
0.0821360000000000
0.0400240000000000
0.0173280000000000
-0.0127960000000000
-0.0685420000000000
-0.106540000000000
-0.0755260000000000
-0.00213620000000000
0.0269540000000000
-0.0287970000000000
-0.123000000000000
-0.207060000000000
-0.278040000000000
-0.323640000000000
-0.289920000000000
-0.174740000000000
-0.0701780000000000
-0.0505380000000000
-0.0714750000000000
-0.0663700000000000
-0.0562710000000000
-0.0776170000000000
-0.0793510000000000
-0.00630250000000000
0.0890810000000000
0.124690000000000
0.108590000000000
0.0925880000000000
0.0714650000000000
0.0370190000000000
0.0392230000000000
0.109870000000000
0.179090000000000
0.181860000000000
0.160940000000000
0.190300000000000
0.243070000000000
0.239890000000000
0.173350000000000
0.109450000000000
0.0845860000000000
0.0730250000000000
0.0431760000000000
-0.00216790000000000
-0.0451930000000000
-0.0840210000000000
-0.129300000000000
-0.173800000000000
-0.186380000000000
-0.153270000000000
-0.112200000000000
-0.113250000000000
-0.157730000000000
-0.205470000000000
-0.237430000000000
-0.263710000000000
-0.278700000000000
-0.251810000000000
-0.174990000000000
-0.0789780000000000
0.00682730000000000
0.0827440000000000
0.156620000000000
0.212950000000000
0.223050000000000
0.177520000000000
0.102420000000000
0.0383770000000000
0.00709090000000000
0.00601250000000000
0.0315010000000000
0.0845370000000000
0.146330000000000
0.184880000000000
0.202630000000000
0.236580000000000
0.285810000000000
0.294830000000000
0.240950000000000
0.175690000000000
0.124410000000000
0.0352250000000000
-0.120800000000000
-0.257450000000000
-0.279720000000000
-0.203010000000000
-0.114210000000000
-0.0489660000000000
-0.00103330000000000
0.0154560000000000
-0.0210340000000000
-0.0822350000000000
-0.113980000000000
-0.0943380000000000
-0.0522580000000000
-0.0365940000000000
-0.0733900000000000
-0.130170000000000
-0.148160000000000
-0.110270000000000
-0.0529370000000000
0.00739120000000000
0.0934600000000000
0.194350000000000
0.238740000000000
0.189420000000000
0.101820000000000
0.0424720000000000
0.0162430000000000
0.00908950000000000
0.0367540000000000
0.105690000000000
0.177110000000000
0.203820000000000
0.169260000000000
0.0839930000000000
-0.0226130000000000
-0.0957280000000000
-0.0956030000000000
-0.0447230000000000
0.00540610000000000
0.0507540000000000
0.105290000000000
0.132140000000000
0.0838690000000000
-0.00568450000000000
-0.0681740000000000
-0.104500000000000
-0.160280000000000
-0.219060000000000
-0.223210000000000
-0.174070000000000
-0.121590000000000
-0.0724860000000000
-0.00649940000000000
0.0480660000000000
0.0551020000000000
0.0372030000000000
0.0222940000000000
-0.0272300000000000
-0.134420000000000
-0.232430000000000
-0.242370000000000
-0.181580000000000
-0.119120000000000
-0.0747160000000000
-0.0275880000000000
0.0221260000000000
0.0573940000000000
0.0844480000000000
0.122610000000000
0.177090000000000
0.237230000000000
0.280630000000000
0.282990000000000
0.237460000000000
0.160970000000000
0.0745630000000000
0.00232380000000000
-0.0252790000000000
0.00178280000000000
0.0428870000000000
0.0426710000000000
-0.00961650000000000
-0.0813390000000000
-0.149140000000000
-0.205440000000000
-0.229980000000000
-0.198100000000000
-0.126540000000000
-0.0697860000000000
-0.0651960000000000
-0.0912010000000000
-0.0994650000000000
-0.0729570000000000
-0.0316730000000000
0.0135240000000000
0.0672030000000000
0.108170000000000
0.0926330000000000
0.0135320000000000
-0.0820650000000000
-0.147320000000000
-0.174910000000000
-0.169170000000000
-0.129190000000000
-0.0595680000000000
0.0207500000000000
0.0982490000000000
0.153570000000000
0.173560000000000
0.175780000000000
0.196660000000000
0.230300000000000
0.241270000000000
0.227870000000000
0.219200000000000
0.214790000000000
0.189180000000000
0.137620000000000
0.0657960000000000
-0.0267550000000000
-0.112450000000000
-0.149280000000000
-0.160080000000000
-0.205870000000000
-0.257710000000000
-0.227480000000000
-0.147140000000000
-0.149200000000000
-0.230310000000000
-0.238370000000000
-0.152640000000000
-0.141820000000000
-0.249010000000000
-0.273830000000000
-0.114280000000000
0.0232540000000000
-0.0445570000000000
-0.160180000000000
-0.0905270000000000
0.0761590000000000
0.0975490000000000
0.00466180000000000
0.0257960000000000
0.166990000000000
0.218270000000000
0.154870000000000
0.177550000000000
0.323740000000000
0.381890000000000
0.274160000000000
0.191020000000000
0.241960000000000
0.265620000000000
0.130150000000000
-0.0330690000000000
-0.0552830000000000
0.0103360000000000
0.0198970000000000
-0.0285990000000000
-0.0435940000000000
-0.0167660000000000
-0.0201310000000000
-0.0868150000000000
-0.162040000000000
-0.180160000000000
-0.153570000000000
-0.172740000000000
-0.285390000000000
-0.391220000000000
-0.359570000000000
-0.240420000000000
-0.196830000000000
-0.225180000000000
-0.154410000000000
0.0284890000000000
0.115770000000000
0.0226460000000000
-0.0513860000000000
0.0253170000000000
0.0934430000000000
0.0167350000000000
-0.0516170000000000
0.0484080000000000
0.190000000000000
0.182630000000000
0.0882140000000000
0.0762180000000000
0.128220000000000
0.124220000000000
0.0990810000000000
0.161740000000000
0.253600000000000
0.216620000000000
0.0672750000000000
-0.0201500000000000
0.000343630000000000
-0.0211320000000000
-0.155690000000000
-0.256930000000000
-0.210210000000000
-0.132770000000000
-0.172750000000000
-0.250740000000000
-0.228800000000000
-0.175540000000000
-0.220180000000000
-0.271270000000000
-0.181470000000000
-0.0448810000000000
-0.0246390000000000
-0.0347900000000000
0.0974380000000000
0.277920000000000
0.302910000000000
0.224600000000000
0.230500000000000
0.281150000000000
0.211880000000000
0.0705000000000000
0.0314790000000000
0.0846390000000000
0.0964820000000000
0.0735970000000000
0.103210000000000
0.139640000000000
0.0920060000000000
0.0148340000000000
0.0110550000000000
0.0465310000000000
0.0361860000000000
0.00906790000000000
0.0365880000000000
0.0834600000000000
0.0674080000000000
0.00129550000000000
-0.0428290000000000
-0.0616940000000000
-0.107750000000000
-0.179280000000000
-0.219770000000000
-0.219480000000000
-0.234930000000000
-0.287000000000000
-0.305020000000000
-0.222750000000000
-0.0855950000000000
0.00559700000000000
0.0269880000000000
0.0340690000000000
0.0584410000000000
0.0894180000000000
0.126640000000000
0.173460000000000
0.199710000000000
0.189750000000000
0.192330000000000
0.254020000000000
0.332270000000000
0.346880000000000
0.290510000000000
0.225790000000000
0.190400000000000
0.166720000000000
0.130090000000000
0.0937190000000000
0.0775940000000000
0.0701860000000000
0.0313490000000000
-0.0331580000000000
-0.0679740000000000
-0.0460670000000000
-0.0254430000000000
-0.0589450000000000
-0.122380000000000
-0.165040000000000
-0.186130000000000
-0.205540000000000
-0.220410000000000
-0.220680000000000
-0.211300000000000
-0.197890000000000
-0.174600000000000
-0.133390000000000
-0.0776080000000000
-0.0340240000000000
-0.0412700000000000
-0.0954720000000000
-0.135790000000000
-0.133700000000000
-0.138340000000000
-0.166180000000000
-0.155720000000000
-0.107930000000000
-0.107060000000000
-0.144100000000000
-0.102120000000000
0.00969030000000000
0.0458810000000000
-0.0173160000000000
-0.0291500000000000
0.0408820000000000
0.0292900000000000
-0.107750000000000
-0.162220000000000
-0.0135750000000000
0.141200000000000
0.114100000000000
0.0349560000000000
0.115340000000000
0.237200000000000
0.130370000000000
-0.151190000000000
-0.262970000000000
-0.124640000000000
-0.0157630000000000
-0.0729270000000000
-0.104900000000000
-0.0212220000000000
0.00849770000000000
-0.0836540000000000
-0.132960000000000
-0.0969400000000000
-0.0992870000000000
-0.132390000000000
-0.0757300000000000
-0.00575130000000000
-0.0388130000000000
-0.0664040000000000
0.0348820000000000
0.112050000000000
0.0305980000000000
-0.0539610000000000
0.00832660000000000
0.0683840000000000
-0.00207620000000000
-0.0755550000000000
-0.0651310000000000
-0.0914250000000000
-0.177250000000000
-0.187520000000000
-0.132810000000000
-0.162060000000000
-0.237200000000000
-0.194700000000000
-0.0653050000000000
-0.0452110000000000
-0.149080000000000
-0.231770000000000
-0.208050000000000
-0.100190000000000
0.0417430000000000
0.0972650000000000
-0.0179750000000000
-0.171380000000000
-0.171040000000000
-0.0915590000000000
-0.135810000000000
-0.237120000000000
-0.178230000000000
-0.0192900000000000
0.0176760000000000
-0.0222100000000000
0.0249140000000000
0.0580450000000000
-0.105940000000000
-0.333870000000000
-0.425550000000000
-0.456190000000000
-0.528870000000000
-0.471070000000000
-0.203670000000000
0.0373830000000000
0.137680000000000
0.324730000000000
0.627790000000000
0.735810000000000
0.602920000000000
0.586740000000000
0.766880000000000
0.796910000000000
0.573730000000000
0.403060000000000
0.414000000000000
0.420500000000000
0.387350000000000
0.434690000000000
0.409530000000000
0.0968940000000000
-0.267510000000000
-0.348140000000000
-0.305100000000000
-0.417610000000000
-0.506580000000000
-0.337390000000000
-0.136640000000000
-0.178680000000000
-0.287630000000000
-0.243330000000000
-0.245480000000000
-0.433210000000000
-0.481590000000000
-0.216900000000000
-0.0304850000000000
-0.140590000000000
-0.127350000000000
0.276160000000000
0.637170000000000
0.605970000000000
0.555620000000000
0.858210000000000
1.16220000000000
1.02680000000000
0.714040000000000
0.710830000000000
0.915500000000000
0.908370000000000
0.724010000000000
0.711350000000000
0.871150000000000
0.890670000000000
0.774810000000000
0.800990000000000
0.944890000000000
0.879100000000000
0.613400000000000
0.515460000000000
0.636910000000000
0.589680000000000
0.293500000000000
0.192950000000000
0.447690000000000
0.570780000000000
0.280310000000000
0.00710910000000000
0.0988340000000000
0.198050000000000
-0.0381660000000000
-0.276660000000000
-0.134200000000000
0.104600000000000
-0.00443010000000000
-0.298970000000000
-0.365830000000000
-0.240110000000000
-0.246990000000000
-0.407680000000000
-0.518750000000000
-0.541850000000000
-0.554640000000000
-0.472620000000000
-0.203410000000000
0.0577760000000000
0.0414340000000000
-0.176190000000000
-0.244990000000000
-0.0515730000000000
0.144300000000000
0.118660000000000
0.0105610000000000
0.0409560000000000
0.148710000000000
0.137910000000000
0.0426840000000000
0.0778350000000000
0.262500000000000
0.391160000000000
0.376390000000000
0.365370000000000
0.420710000000000
0.390560000000000
0.165770000000000
-0.134130000000000
-0.346450000000000
-0.470260000000000
-0.602230000000000
-0.775480000000000
-0.938040000000000
-1.02060000000000
-0.985380000000000
-0.885300000000000
-0.861890000000000
-0.977110000000000
-1.05930000000000
-0.900580000000000
-0.599300000000000
-0.477730000000000
-0.631380000000000
-0.784090000000000
-0.664300000000000
-0.331150000000000
-0.0301180000000000
0.133300000000000
0.210300000000000
0.232730000000000
0.213390000000000
0.212750000000000
0.241510000000000
0.212290000000000
0.125440000000000
0.112350000000000
0.186430000000000
0.167940000000000
-0.00728460000000000
-0.144990000000000
-0.141950000000000
-0.175450000000000
-0.356320000000000
-0.520670000000000
-0.586380000000000
-0.689340000000000
-0.787670000000000
-0.615790000000000
-0.222840000000000
-0.0145210000000000
-0.0832480000000000
-0.102740000000000
-0.0269700000000000
-0.195680000000000
-0.597240000000000
-0.780590000000000
-0.643910000000000
-0.582050000000000
-0.734370000000000
-0.816560000000000
-0.771010000000000
-0.817570000000000
-0.839370000000000
-0.550550000000000
-0.194130000000000
-0.258350000000000
-0.592290000000000
-0.626710000000000
-0.309930000000000
-0.108270000000000
-0.164520000000000
-0.174040000000000
-0.0225370000000000
0.0954700000000000
0.139940000000000
0.283460000000000
0.544430000000000
0.761030000000000
0.813590000000000
0.673010000000000
0.351780000000000
-0.0405590000000000
-0.305100000000000
-0.333980000000000
-0.196310000000000
-0.0736970000000000
-0.0629150000000000
-0.0555680000000000
0.208930000000000
0.722310000000000
1.05470000000000
0.824220000000000
0.278020000000000
-0.0282110000000000
0.0833210000000000
0.320670000000000
0.439180000000000
0.449100000000000
0.440590000000000
0.494430000000000
0.649590000000000
0.767040000000000
0.642110000000000
0.391910000000000
0.315490000000000
0.319340000000000
0.00560280000000000
-0.555090000000000
-0.765120000000000
-0.437140000000000
-0.155680000000000
-0.393350000000000
-0.891460000000000
-1.26740000000000
-1.54830000000000
-1.75830000000000
-1.64000000000000
-1.23170000000000
-1.05570000000000
-1.36510000000000
-1.73440000000000
-1.80820000000000
-1.84740000000000
-2.12480000000000
-2.35590000000000
-2.19560000000000
-1.87790000000000
-1.79240000000000
-1.81260000000000
-1.48520000000000
-0.765910000000000
-0.0844540000000000
0.242290000000000
0.340850000000000
0.434020000000000
0.471640000000000
0.300710000000000
0.0413350000000000
-0.00676550000000000
0.184940000000000
0.349940000000000
0.410500000000000
0.600390000000000
1.01450000000000
1.43650000000000
1.68800000000000
1.81550000000000
1.90550000000000
2.01120000000000
2.24400000000000
2.59310000000000
2.77310000000000
2.62070000000000
2.48810000000000
2.75410000000000
3.17690000000000
3.26400000000000
3.05890000000000
2.97670000000000
3.06440000000000
3.02260000000000
2.82270000000000
2.67940000000000
2.55700000000000
2.23390000000000
1.78200000000000
1.52050000000000
1.53160000000000
1.58770000000000
1.53230000000000
1.45000000000000
1.40610000000000
1.33310000000000
1.19190000000000
1.03810000000000
0.894990000000000
0.716390000000000
0.457280000000000
0.137730000000000
-0.174880000000000
-0.443970000000000
-0.660640000000000
-0.737540000000000
-0.530380000000000
-0.0717290000000000
0.335660000000000
0.385850000000000
0.148610000000000
-0.00919390000000000
0.0864810000000000
0.183210000000000
-0.0146390000000000
-0.452830000000000
-0.820320000000000
-0.901180000000000
-0.739520000000000
-0.594080000000000
-0.756400000000000
-1.27280000000000
-1.78110000000000
-1.84000000000000
-1.51790000000000
-1.37250000000000
-1.68830000000000
-2.07170000000000
-2.09710000000000
-1.96400000000000
-2.12350000000000
-2.54640000000000
-2.84400000000000
-2.87720000000000
-2.81570000000000
-2.78350000000000
-2.78160000000000
-2.83580000000000
-2.94770000000000
-2.97020000000000
-2.79600000000000
-2.52030000000000
-2.30750000000000
-2.18270000000000
-2.18580000000000
-2.36250000000000
-2.59840000000000
-2.64890000000000
-2.44480000000000
-2.13060000000000
-1.84770000000000
-1.61020000000000
-1.39070000000000
-1.18630000000000
-0.981560000000000
-0.747350000000000
-0.508870000000000
-0.337150000000000
-0.233730000000000
-0.0861920000000000
0.185590000000000
0.459070000000000
0.516700000000000
0.366530000000000
0.308220000000000
0.576690000000000
1.08350000000000
1.60530000000000
1.99430000000000
2.12760000000000
1.91360000000000
1.51620000000000
1.25500000000000
1.21140000000000
1.18170000000000
1.12250000000000
1.22410000000000
1.51170000000000
1.72560000000000
1.74880000000000
1.79740000000000
2.07940000000000
2.51200000000000
2.91440000000000
3.24640000000000
3.53040000000000
3.68010000000000
3.54270000000000
3.07450000000000
2.42500000000000
1.82510000000000
1.41100000000000
1.17390000000000
1.06300000000000
1.06010000000000
1.15590000000000
1.30890000000000
1.44080000000000
1.45410000000000
1.31970000000000
1.15360000000000
1.08400000000000
1.03060000000000
0.805200000000000
0.458130000000000
0.243400000000000
0.202750000000000
0.113370000000000
-0.0716430000000000
-0.165090000000000
-0.172750000000000
-0.340740000000000
-0.636750000000000
-0.718780000000000
-0.533450000000000
-0.461890000000000
-0.652200000000000
-0.782740000000000
-0.648600000000000
-0.454510000000000
-0.321790000000000
-0.0973580000000000
0.195580000000000
0.253870000000000
0.0355570000000000
-0.110090000000000
-0.0146500000000000
0.0690540000000000
-0.0148300000000000
-0.0788970000000000
-0.0271250000000000
-0.0865830000000000
-0.394950000000000
-0.778280000000000
-1.05440000000000
-1.24920000000000
-1.40760000000000
-1.47730000000000
-1.44360000000000
-1.38330000000000
-1.32830000000000
-1.24620000000000
-1.15790000000000
-1.12000000000000
-1.10670000000000
-1.06020000000000
-1.02010000000000
-1.06960000000000
-1.19190000000000
-1.27120000000000
-1.22510000000000
-1.08680000000000
-0.946360000000000
-0.834620000000000
-0.730760000000000
-0.671180000000000
-0.731890000000000
-0.870210000000000
-0.925910000000000
-0.866690000000000
-0.868630000000000
-1.02010000000000
-1.15880000000000
-1.17360000000000
-1.21260000000000
-1.38460000000000
-1.52580000000000
-1.48830000000000
-1.38370000000000
-1.32610000000000
-1.14980000000000
-0.730090000000000
-0.294270000000000
-0.126720000000000
-0.118410000000000
0.0100190000000000
0.276550000000000
0.500920000000000
0.683520000000000
0.951680000000000
1.21270000000000
1.20060000000000
0.910020000000000
0.652720000000000
0.630860000000000
0.728920000000000
0.799720000000000
0.872270000000000
0.986200000000000
1.07190000000000
1.10000000000000
1.11660000000000
1.06020000000000
0.797140000000000
0.397230000000000
0.107310000000000
0.00484860000000000
-0.0626040000000000
-0.175530000000000
-0.243410000000000
-0.208900000000000
-0.101660000000000
0.0766220000000000
0.288890000000000
0.370870000000000
0.245430000000000
0.107450000000000
0.140450000000000
0.214050000000000
0.118480000000000
-0.0676960000000000
-0.151670000000000
-0.149620000000000
-0.172280000000000
-0.128400000000000
0.131470000000000
0.519760000000000
0.797360000000000
0.908130000000000
0.987140000000000
1.08530000000000
1.10810000000000
1.00070000000000
0.834790000000000
0.690280000000000
0.602120000000000
0.599830000000000
0.715130000000000
0.878780000000000
0.942110000000000
0.865280000000000
0.782180000000000
0.782370000000000
0.770060000000000
0.661320000000000
0.558700000000000
0.559500000000000
0.513520000000000
0.235560000000000
-0.114280000000000
-0.217760000000000
-0.100310000000000
-0.0888020000000000
-0.277670000000000
-0.468910000000000
-0.586750000000000
-0.751010000000000
-0.917360000000000
-0.881300000000000
-0.694570000000000
-0.654730000000000
-0.810500000000000
-0.903230000000000
-0.837680000000000
-0.769760000000000
-0.733010000000000
-0.638120000000000
-0.574970000000000
-0.697480000000000
-0.861940000000000
-0.823140000000000
-0.636780000000000
-0.500810000000000
-0.354810000000000
-0.0949630000000000
0.0896820000000000
0.0199510000000000
-0.0900480000000000
0.0178510000000000
0.207520000000000
0.219560000000000
0.0828310000000000
-0.0454000000000000
-0.161750000000000
-0.268220000000000
-0.235400000000000
-0.0356590000000000
0.144240000000000
0.178200000000000
0.122200000000000
-0.00753590000000000
-0.268770000000000
-0.580580000000000
-0.756560000000000
-0.758340000000000
-0.688600000000000
-0.595550000000000
-0.487070000000000
-0.445770000000000
-0.522850000000000
-0.575630000000000
-0.427750000000000
-0.137210000000000
0.0682680000000000
0.0916630000000000
0.0405320000000000
0.0305560000000000
0.0481940000000000
0.0221680000000000
-0.0496890000000000
-0.106950000000000
-0.105930000000000
-0.0579160000000000
0.0124550000000000
0.0862990000000000
0.152510000000000
0.200040000000000
0.236320000000000
0.280230000000000
0.345810000000000
0.428530000000000
0.511420000000000
0.588670000000000
0.683850000000000
0.813680000000000
0.925370000000000
0.935660000000000
0.832540000000000
0.687240000000000
0.552270000000000
0.436990000000000
0.375680000000000
0.397410000000000
0.418520000000000
0.316880000000000
0.133800000000000
0.0205310000000000
-0.00841300000000000
-0.0878300000000000
-0.243420000000000
-0.337540000000000
-0.299560000000000
-0.226120000000000
-0.199360000000000
-0.178510000000000
-0.115480000000000
-0.0370290000000000
0.0286440000000000
0.116260000000000
0.260760000000000
0.427250000000000
0.542630000000000
0.575060000000000
0.554620000000000
0.536430000000000
0.554080000000000
0.596570000000000
0.627400000000000
0.614380000000000
0.539900000000000
0.413670000000000
0.286090000000000
0.212680000000000
0.202460000000000
0.218530000000000
0.226060000000000
0.217910000000000
0.205850000000000
0.190350000000000
0.140060000000000
0.0348830000000000
-0.0876910000000000
-0.169240000000000
-0.191650000000000
-0.150030000000000
-0.0164510000000000
0.203930000000000
0.414620000000000
0.506870000000000
0.496860000000000
0.491390000000000
0.523260000000000
0.511180000000000
0.378540000000000
0.133790000000000
-0.143710000000000
-0.360550000000000
-0.468850000000000
-0.482430000000000
-0.432790000000000
-0.359160000000000
-0.335220000000000
-0.411900000000000
-0.516490000000000
-0.517560000000000
-0.423860000000000
-0.386640000000000
-0.475850000000000
-0.604260000000000
-0.721290000000000
-0.891330000000000
-1.10860000000000
-1.23190000000000
-1.19480000000000
-1.10650000000000
-1.06890000000000
-1.05210000000000
-1.00300000000000
-0.931340000000000
-0.839370000000000
-0.688950000000000
-0.498260000000000
-0.369260000000000
-0.351680000000000
-0.357070000000000
-0.289410000000000
-0.186630000000000
-0.148820000000000
-0.185570000000000
-0.237390000000000
-0.305150000000000
-0.458710000000000
-0.683980000000000
-0.826200000000000
-0.748250000000000
-0.499880000000000
-0.236070000000000
-0.0303180000000000
0.164150000000000
0.380210000000000
0.565410000000000
0.672140000000000
0.760400000000000
0.912720000000000
1.08870000000000
1.16470000000000
1.10080000000000
0.984210000000000
0.902840000000000
0.866930000000000
0.860100000000000
0.878600000000000
0.877860000000000
0.784510000000000
0.605740000000000
0.439660000000000
0.359920000000000
0.352590000000000
0.384240000000000
0.464410000000000
0.603000000000000
0.750780000000000
0.840920000000000
0.867130000000000
0.853680000000000
0.790230000000000
0.660470000000000
0.513620000000000
0.430490000000000
0.414760000000000
0.391300000000000
0.333110000000000
0.288520000000000
0.242410000000000
0.0901090000000000
-0.182490000000000
-0.432730000000000
-0.562770000000000
-0.631260000000000
-0.691960000000000
-0.662220000000000
-0.479720000000000
-0.248490000000000
-0.129430000000000
-0.162520000000000
-0.295290000000000
-0.490110000000000
-0.695190000000000
-0.803250000000000
-0.742170000000000
-0.577300000000000
-0.428120000000000
-0.362680000000000
-0.391530000000000
-0.481740000000000
-0.536920000000000
-0.473610000000000
-0.355220000000000
-0.339600000000000
-0.479950000000000
-0.666870000000000
-0.797420000000000
-0.877990000000000
-0.916510000000000
-0.854590000000000
-0.696130000000000
-0.582940000000000
-0.591730000000000
-0.586650000000000
-0.400240000000000
-0.0795400000000000
0.173030000000000
0.240350000000000
0.201190000000000
0.219450000000000
0.336390000000000
0.408940000000000
0.291490000000000
0.0698230000000000
-0.0209440000000000
0.0943170000000000
0.236910000000000
0.278870000000000
0.311910000000000
0.435950000000000
0.566180000000000
0.612870000000000
0.633070000000000
0.693420000000000
0.740360000000000
0.729600000000000
0.708410000000000
0.695190000000000
0.613770000000000
0.436050000000000
0.255490000000000
0.188110000000000
0.260660000000000
0.421720000000000
0.591670000000000
0.708430000000000
0.748830000000000
0.719520000000000
0.642090000000000
0.566610000000000
0.547100000000000
0.563570000000000
0.528030000000000
0.417260000000000
0.307870000000000
0.252240000000000
0.207940000000000
0.131830000000000
0.0502940000000000
0.00905730000000000
0.0166280000000000
0.0330250000000000
-0.0214970000000000
-0.207840000000000
-0.442650000000000
-0.545380000000000
-0.458550000000000
-0.323970000000000
-0.257150000000000
-0.225770000000000
-0.198790000000000
-0.243010000000000
-0.350760000000000
-0.383950000000000
-0.298110000000000
-0.250930000000000
-0.341410000000000
-0.448540000000000
-0.455900000000000
-0.451780000000000
-0.547970000000000
-0.657930000000000
-0.624330000000000
-0.450970000000000
-0.283980000000000
-0.222050000000000
-0.269270000000000
-0.386330000000000
-0.512720000000000
-0.592790000000000
-0.637440000000000
-0.709940000000000
-0.839760000000000
-0.999090000000000
-1.12840000000000
-1.16430000000000
-1.07400000000000
-0.914770000000000
-0.796630000000000
-0.754810000000000
-0.706710000000000
-0.591940000000000
-0.473250000000000
-0.428650000000000
-0.416480000000000
-0.345860000000000
-0.236320000000000
-0.189680000000000
-0.217890000000000
-0.220490000000000
-0.153970000000000
-0.0936140000000000
-0.0809560000000000
-0.0420550000000000
0.0693760000000000
0.161230000000000
0.160240000000000
0.158500000000000
0.267690000000000
0.420870000000000
0.494190000000000
0.526850000000000
0.653920000000000
0.876190000000000
1.06340000000000
1.14350000000000
1.16830000000000
1.20310000000000
1.26370000000000
1.32330000000000
1.32580000000000
1.22490000000000
1.05550000000000
0.888560000000000
0.720550000000000
0.514790000000000
0.321390000000000
0.220610000000000
0.170600000000000
0.0757360000000000
-0.0226890000000000
-0.000332110000000000
0.131180000000000
0.236260000000000
0.276570000000000
0.320060000000000
0.365090000000000
0.330750000000000
0.210190000000000
0.0840670000000000
0.0166750000000000
0.0295090000000000
0.127420000000000
0.266730000000000
0.360620000000000
0.383750000000000
0.407330000000000
0.463980000000000
0.476160000000000
0.391400000000000
0.288590000000000
0.279310000000000
0.372490000000000
0.484660000000000
0.535570000000000
0.506600000000000
0.426340000000000
0.315890000000000
0.174750000000000
0.0126460000000000
-0.129270000000000
-0.228190000000000
-0.306940000000000
-0.395650000000000
-0.478970000000000
-0.531520000000000
-0.564330000000000
-0.612220000000000
-0.690230000000000
-0.788830000000000
-0.862050000000000
-0.843480000000000
-0.709260000000000
-0.518880000000000
-0.344680000000000
-0.231840000000000
-0.216420000000000
-0.314670000000000
-0.435160000000000
-0.445020000000000
-0.341030000000000
-0.264730000000000
-0.293230000000000
-0.371480000000000
-0.448200000000000
-0.542910000000000
-0.652180000000000
-0.729770000000000
-0.769430000000000
-0.807550000000000
-0.854150000000000
-0.899720000000000
-0.954740000000000
-1.00850000000000
-1.00730000000000
-0.923240000000000
-0.786680000000000
-0.624020000000000
-0.466090000000000
-0.389690000000000
-0.429830000000000
-0.483390000000000
-0.437210000000000
-0.333510000000000
-0.270240000000000
-0.223380000000000
-0.108930000000000
0.0425600000000000
0.137070000000000
0.171120000000000
0.210580000000000
0.268970000000000
0.326160000000000
0.393850000000000
0.473030000000000
0.512550000000000
0.492050000000000
0.475180000000000
0.518270000000000
0.591940000000000
0.637320000000000
0.638850000000000
0.611950000000000
0.576100000000000
0.556570000000000
0.576210000000000
0.630280000000000
0.694240000000000
0.761600000000000
0.852840000000000
0.982670000000000
1.13660000000000
1.28440000000000
1.40490000000000
1.49100000000000
1.53720000000000
1.53160000000000
1.47870000000000
1.40750000000000
1.33230000000000
1.22660000000000
1.07390000000000
0.924240000000000
0.846920000000000
0.843470000000000
0.845780000000000
0.805300000000000
0.734620000000000
0.660130000000000
0.570640000000000
0.439550000000000
0.278270000000000
0.139910000000000
0.0592830000000000
0.0110760000000000
-0.0540360000000000
-0.149620000000000
-0.253090000000000
-0.347160000000000
-0.434020000000000
-0.518750000000000
-0.608920000000000
-0.727060000000000
-0.887070000000000
-1.05590000000000
-1.17650000000000
-1.23960000000000
-1.29260000000000
-1.37330000000000
-1.46500000000000
-1.52800000000000
-1.55370000000000
-1.57130000000000
-1.60030000000000
-1.61410000000000
-1.58220000000000
-1.53010000000000
-1.51630000000000
-1.52820000000000
-1.45990000000000
-1.23910000000000
-0.945600000000000
-0.736490000000000
-0.683610000000000
-0.741850000000000
-0.830530000000000
-0.880870000000000
-0.844300000000000
-0.747320000000000
-0.696530000000000
-0.742630000000000
-0.791630000000000
-0.727400000000000
-0.564980000000000
-0.385990000000000
-0.220220000000000
-0.0621020000000000
0.0558900000000000
0.116370000000000
0.168960000000000
0.254870000000000
0.331960000000000
0.347490000000000
0.323210000000000
0.307530000000000
0.304820000000000
0.301610000000000
0.302430000000000
0.307980000000000
0.317270000000000
0.357760000000000
0.447650000000000
0.546420000000000
0.607950000000000
0.651430000000000
0.725300000000000
0.838760000000000
0.975600000000000
1.13410000000000
1.29880000000000
1.42570000000000
1.49750000000000
1.55190000000000
1.60580000000000
1.61820000000000
1.55900000000000
1.45370000000000
1.32370000000000
1.16120000000000
0.987160000000000
0.867680000000000
0.829060000000000
0.815380000000000
0.759970000000000
0.666030000000000
0.578620000000000
0.511890000000000
0.442460000000000
0.357700000000000
0.270810000000000
0.186780000000000
0.0864460000000000
-0.0458020000000000
-0.193850000000000
-0.328290000000000
-0.432350000000000
-0.500000000000000
-0.529750000000000
-0.535640000000000
-0.542620000000000
-0.568850000000000
-0.625080000000000
-0.713950000000000
-0.807320000000000
-0.854190000000000
-0.840370000000000
-0.811040000000000
-0.804170000000000
-0.806090000000000
-0.808100000000000
-0.835930000000000
-0.874780000000000
-0.847400000000000
-0.728120000000000
-0.594020000000000
-0.520210000000000
-0.509890000000000
-0.558510000000000
-0.675560000000000
-0.798670000000000
-0.805090000000000
-0.664760000000000
-0.486700000000000
-0.358750000000000
-0.261420000000000
-0.164810000000000
-0.0937120000000000
-0.0506850000000000
-0.00977280000000000
-0.000767630000000000
-0.0861450000000000
-0.208670000000000
-0.211970000000000
-0.0488640000000000
0.137470000000000
0.224180000000000
0.259490000000000
0.340050000000000
0.427010000000000
0.411260000000000
0.290370000000000
0.179280000000000
0.152380000000000
0.177400000000000
0.191330000000000
0.176850000000000
0.162440000000000
0.194740000000000
0.294070000000000
0.416610000000000
0.486630000000000
0.487960000000000
0.482720000000000
0.507680000000000
0.516550000000000
0.459920000000000
0.360400000000000
0.263260000000000
0.170460000000000
0.0629380000000000
-0.0516820000000000
-0.139450000000000
-0.170220000000000
-0.134980000000000
-0.0625430000000000
-0.0131670000000000
-0.0306240000000000
-0.100250000000000
-0.175620000000000
-0.219970000000000
-0.219040000000000
-0.179700000000000
-0.138990000000000
-0.142360000000000
-0.202380000000000
-0.272290000000000
-0.274730000000000
-0.164130000000000
0.0281860000000000
0.225620000000000
0.376230000000000
0.481070000000000
0.557340000000000
0.614310000000000
0.665110000000000
0.717160000000000
0.747990000000000
0.727250000000000
0.662500000000000
0.579450000000000
0.485320000000000
0.380740000000000
0.281980000000000
0.188460000000000
0.0767800000000000
-0.0351440000000000
-0.0767080000000000
-0.0324200000000000
0.00563790000000000
-0.0415720000000000
-0.136140000000000
-0.202260000000000
-0.243120000000000
-0.305840000000000
-0.388270000000000
-0.454340000000000
-0.509430000000000
-0.584550000000000
-0.659570000000000
-0.675580000000000
-0.627340000000000
-0.578470000000000
-0.571440000000000
-0.579470000000000
-0.562420000000000
-0.516590000000000
-0.446920000000000
-0.340190000000000
-0.199780000000000
-0.0671200000000000
0.0237680000000000
0.0772460000000000
0.106460000000000
0.122660000000000
0.153750000000000
0.209000000000000
0.237450000000000
0.197440000000000
0.137370000000000
0.127560000000000
0.140650000000000
0.115050000000000
0.0907010000000000
0.159190000000000
0.298410000000000
0.409070000000000
0.462470000000000
0.490260000000000
0.477150000000000
0.400970000000000
0.321470000000000
0.302730000000000
0.294290000000000
0.204990000000000
0.0551540000000000
-0.0606830000000000
-0.101970000000000
-0.0901770000000000
-0.0409370000000000
0.0195780000000000
0.0349770000000000
-0.0272460000000000
-0.114380000000000
-0.139720000000000
-0.0715020000000000
0.0395270000000000
0.118730000000000
0.141490000000000
0.148690000000000
0.177580000000000
0.203640000000000
0.193880000000000
0.177800000000000
0.203540000000000
0.260230000000000
0.303780000000000
0.330420000000000
0.364580000000000
0.412710000000000
0.470250000000000
0.544260000000000
0.617190000000000
0.641370000000000
0.606740000000000
0.557480000000000
0.509490000000000
0.429600000000000
0.320920000000000
0.239360000000000
0.199350000000000
0.142260000000000
0.0346830000000000
-0.0692150000000000
-0.104130000000000
-0.0770450000000000
-0.0437970000000000
-0.0421110000000000
-0.0786070000000000
-0.137420000000000
-0.188280000000000
-0.212620000000000
-0.231150000000000
-0.273920000000000
-0.328930000000000
-0.360330000000000
-0.362340000000000
-0.353360000000000
-0.327330000000000
-0.268130000000000
-0.197670000000000
-0.164150000000000
-0.181170000000000
-0.224550000000000
-0.280920000000000
-0.354730000000000
-0.435900000000000
-0.510100000000000
-0.589350000000000
-0.681560000000000
-0.750960000000000
-0.766720000000000
-0.765450000000000
-0.799950000000000
-0.850780000000000
-0.866730000000000
-0.864420000000000
-0.901910000000000
-0.963980000000000
-0.975320000000000
-0.924510000000000
-0.880020000000000
-0.858060000000000
-0.779580000000000
-0.592420000000000
-0.366110000000000
-0.209310000000000
-0.149440000000000
-0.130280000000000
-0.102590000000000
-0.0615790000000000
-0.0137540000000000
0.0444840000000000
0.104140000000000
0.140180000000000
0.143930000000000
0.144290000000000
0.176260000000000
0.241960000000000
0.321870000000000
0.420590000000000
0.552770000000000
0.689630000000000
0.764670000000000
0.750460000000000
0.696890000000000
0.668390000000000
0.664430000000000
0.631130000000000
0.547390000000000
0.457030000000000
0.408460000000000
0.390880000000000
0.350270000000000
0.255970000000000
0.135040000000000
0.0448630000000000
0.0146350000000000
0.0144820000000000
-0.00971550000000000
-0.0665880000000000
-0.103960000000000
-0.0811660000000000
-0.0336780000000000
-0.0341870000000000
-0.0980610000000000
-0.165260000000000
-0.168640000000000
-0.0840510000000000
0.0789530000000000
0.285250000000000
0.469980000000000
0.568920000000000
0.576820000000000
0.556100000000000
0.572350000000000
0.621560000000000
0.643310000000000
0.599900000000000
0.517520000000000
0.435570000000000
0.354760000000000
0.261790000000000
0.178280000000000
0.132900000000000
0.0991160000000000
0.0283060000000000
-0.0459750000000000
-0.0228860000000000
0.118810000000000
0.259790000000000
0.281200000000000
0.189880000000000
0.0666900000000000
-0.0536490000000000
-0.178170000000000
-0.289530000000000
-0.347790000000000
-0.357730000000000
-0.360920000000000
-0.363980000000000
-0.315000000000000
-0.183520000000000
-0.0174860000000000
0.0855070000000000
0.0726260000000000
-0.0193930000000000
-0.110270000000000
-0.158470000000000
-0.164780000000000
-0.143780000000000
-0.130550000000000
-0.178020000000000
-0.288260000000000
-0.377250000000000
-0.363790000000000
-0.269560000000000
-0.184540000000000
-0.154220000000000
-0.168020000000000
-0.211330000000000
-0.273020000000000
-0.329800000000000
-0.385270000000000
-0.477020000000000
-0.607820000000000
-0.722810000000000
-0.789540000000000
-0.839350000000000
-0.905500000000000
-0.979980000000000
-1.03600000000000
-1.01690000000000
-0.849040000000000
-0.544360000000000
-0.255040000000000
-0.103800000000000
-0.0457990000000000
0.0180030000000000
0.0642280000000000
0.0262160000000000
-0.0504460000000000
-0.0625410000000000
-0.0131120000000000
0.0204980000000000
0.0196020000000000
0.0206170000000000
0.0327590000000000
0.0649230000000000
0.146840000000000
0.262460000000000
0.334110000000000
0.333600000000000
0.324870000000000
0.364900000000000
0.436020000000000
0.513840000000000
0.612760000000000
0.722600000000000
0.775920000000000
0.741090000000000
0.672950000000000
0.628970000000000
0.599400000000000
0.577590000000000
0.608510000000000
0.705290000000000
0.788810000000000
0.788380000000000
0.743720000000000
0.727560000000000
0.723480000000000
0.669000000000000
0.583690000000000
0.541820000000000
0.556650000000000
0.572250000000000
0.560460000000000
0.537990000000000
0.520580000000000
0.502350000000000
0.476920000000000
0.432420000000000
0.351360000000000
0.249800000000000
0.196730000000000
0.252900000000000
0.389730000000000
0.502150000000000
0.506490000000000
0.415410000000000
0.297120000000000
0.177570000000000
0.0298750000000000
-0.142550000000000
-0.284590000000000
-0.369410000000000
-0.425490000000000
-0.459450000000000
-0.437830000000000
-0.383540000000000
-0.390140000000000
-0.491390000000000
-0.598250000000000
-0.623890000000000
-0.588810000000000
-0.563710000000000
-0.573680000000000
-0.610120000000000
-0.672810000000000
-0.749950000000000
-0.806130000000000
-0.826230000000000
-0.838390000000000
-0.869460000000000
-0.915370000000000
-0.969370000000000
-1.04100000000000
-1.12780000000000
-1.19060000000000
-1.18090000000000
-1.08640000000000
-0.957250000000000
-0.880140000000000
-0.904990000000000
-0.962420000000000
-0.915790000000000
-0.717230000000000
-0.477710000000000
-0.309310000000000
-0.210430000000000
-0.134090000000000
-0.101690000000000
-0.122460000000000
-0.129220000000000
-0.0684710000000000
0.00373020000000000
0.0400620000000000
0.0905820000000000
0.192610000000000
0.285090000000000
0.325300000000000
0.357470000000000
0.391100000000000
0.361330000000000
0.265030000000000
0.192860000000000
0.177940000000000
0.156230000000000
0.113950000000000
0.125850000000000
0.216340000000000
0.310790000000000
0.360050000000000
0.392760000000000
0.437890000000000
0.488880000000000
0.535650000000000
0.560870000000000
0.544900000000000
0.518200000000000
0.551330000000000
0.654490000000000
0.753410000000000
0.785200000000000
0.762630000000000
0.724700000000000
0.683550000000000
0.633370000000000
0.568140000000000
0.479500000000000
0.370420000000000
0.270200000000000
0.208110000000000
0.191970000000000
0.218030000000000
0.279360000000000
0.349580000000000
0.399900000000000
0.422730000000000
0.429400000000000
0.426390000000000
0.407730000000000
0.358810000000000
0.273420000000000
0.175430000000000
0.0955860000000000
0.0170750000000000
-0.0962260000000000
-0.216330000000000
-0.273020000000000
-0.280010000000000
-0.313490000000000
-0.374590000000000
-0.381860000000000
-0.333940000000000
-0.326950000000000
-0.399890000000000
-0.490740000000000
-0.566200000000000
-0.629820000000000
-0.618660000000000
-0.469100000000000
-0.273890000000000
-0.181430000000000
-0.172210000000000
-0.112280000000000
0.0165610000000000
0.121120000000000
0.175440000000000
0.231700000000000
0.299600000000000
0.367490000000000
0.479430000000000
0.634420000000000
0.684660000000000
0.506380000000000
0.199200000000000
-0.0402000000000000
-0.163200000000000
-0.251130000000000
-0.321920000000000
-0.297210000000000
-0.143540000000000
0.0633590000000000
0.222300000000000
0.289510000000000
0.267960000000000
0.176620000000000
0.0346980000000000
-0.120710000000000
-0.237620000000000
-0.283510000000000
-0.264060000000000
-0.178180000000000
-0.0112650000000000
0.194790000000000
0.332750000000000
0.345010000000000
0.286070000000000
0.228060000000000
0.173940000000000
0.116460000000000
0.0894820000000000
0.0960330000000000
0.0712510000000000
-0.00536710000000000
-0.0625260000000000
-0.0545250000000000
-0.0196170000000000
0.0313970000000000
0.144570000000000
0.297320000000000
0.355790000000000
0.225890000000000
-0.0241270000000000
-0.236500000000000
-0.313090000000000
-0.274770000000000
-0.206250000000000
-0.164530000000000
-0.125740000000000
-0.0369090000000000
0.0762220000000000
0.117480000000000
0.0710420000000000
0.0602830000000000
0.186530000000000
0.384180000000000
0.506440000000000
0.492830000000000
0.393110000000000
0.260710000000000
0.107490000000000
-0.0434370000000000
-0.145330000000000
-0.208770000000000
-0.299470000000000
-0.425050000000000
-0.512950000000000
-0.540890000000000
-0.587800000000000
-0.701940000000000
-0.805930000000000
-0.810440000000000
-0.737390000000000
-0.650130000000000
-0.544020000000000
-0.406770000000000
-0.295440000000000
-0.255930000000000
-0.236700000000000
-0.182160000000000
-0.140780000000000
-0.196540000000000
-0.338930000000000
-0.485000000000000
-0.591870000000000
-0.683500000000000
-0.758200000000000
-0.752100000000000
-0.622320000000000
-0.436070000000000
-0.304710000000000
-0.260180000000000
-0.233480000000000
-0.158270000000000
-0.0371260000000000
0.0966250000000000
0.222970000000000
0.320850000000000
0.375770000000000
0.411070000000000
0.454740000000000
0.491350000000000
0.509750000000000
0.546250000000000
0.611500000000000
0.637790000000000
0.578020000000000
0.513950000000000
0.554030000000000
0.675230000000000
0.768160000000000
0.819290000000000
0.908210000000000
1.04760000000000
1.15030000000000
1.16120000000000
1.12600000000000
1.09950000000000
1.05880000000000
0.945920000000000
0.757360000000000
0.547750000000000
0.366810000000000
0.223240000000000
0.0989980000000000
-0.00959220000000000
-0.0831990000000000
-0.115670000000000
-0.139090000000000
-0.183100000000000
-0.223640000000000
-0.223720000000000
-0.201650000000000
-0.210670000000000
-0.242410000000000
-0.230670000000000
-0.162990000000000
-0.129860000000000
-0.213520000000000
-0.372110000000000
-0.499880000000000
-0.573800000000000
-0.665170000000000
-0.806580000000000
-0.937830000000000
-1.02230000000000
-1.10430000000000
-1.18560000000000
-1.14110000000000
-0.896180000000000
-0.585920000000000
-0.394420000000000
-0.296240000000000
-0.158430000000000
-0.00975320000000000
-0.00469180000000000
-0.153040000000000
-0.318110000000000
-0.444600000000000
-0.600170000000000
-0.780040000000000
-0.873750000000000
-0.840660000000000
-0.765740000000000
-0.714960000000000
-0.673250000000000
-0.615070000000000
-0.538810000000000
-0.438160000000000
-0.319170000000000
-0.200810000000000
-0.0799540000000000
0.0429440000000000
0.0951740000000000
0.0106790000000000
-0.125760000000000
-0.164960000000000
-0.117620000000000
-0.122930000000000
-0.186480000000000
-0.171820000000000
-0.0627560000000000
-0.00967680000000000
-0.0649010000000000
-0.111640000000000
-0.0922000000000000
-0.0925220000000000
-0.145990000000000
-0.168140000000000
-0.119640000000000
-0.0672930000000000
-0.0306350000000000
0.0502040000000000
0.188120000000000
0.322530000000000
0.444950000000000
0.590520000000000
0.733590000000000
0.809050000000000
0.830670000000000
0.863890000000000
0.917820000000000
0.960180000000000
1
1.06010000000000
1.10870000000000
1.10280000000000
1.05540000000000
1.00040000000000
0.940510000000000
0.881960000000000
0.860400000000000
0.877270000000000
0.875400000000000
0.829820000000000
0.795050000000000
0.816570000000000
0.855900000000000
0.847240000000000
0.773680000000000
0.663640000000000
0.547940000000000
0.438970000000000
0.322120000000000
0.178860000000000
0.0346920000000000
-0.0545980000000000
-0.0888230000000000
-0.138880000000000
-0.233370000000000
-0.293900000000000
-0.230590000000000
-0.0650380000000000
0.0993450000000000
0.184630000000000
0.187650000000000
0.145370000000000
0.0852750000000000
0.00242840000000000
-0.103060000000000
-0.190000000000000
-0.221680000000000
-0.236670000000000
-0.305580000000000
-0.425370000000000
-0.527410000000000
-0.584520000000000
-0.620860000000000
-0.631630000000000
-0.585890000000000
-0.515000000000000
-0.496720000000000
-0.551980000000000
-0.626610000000000
-0.678640000000000
-0.709440000000000
-0.729100000000000
-0.741180000000000
-0.750000000000000
-0.749010000000000
-0.735100000000000
-0.734600000000000
-0.773910000000000
-0.817180000000000
-0.797410000000000
-0.724690000000000
-0.690890000000000
-0.737420000000000
-0.794640000000000
-0.784140000000000
-0.704360000000000
-0.589940000000000
-0.447140000000000
-0.266690000000000
-0.0628910000000000
0.121800000000000
0.249100000000000
0.311970000000000
0.346420000000000
0.400950000000000
0.482490000000000
0.546100000000000
0.561840000000000
0.560440000000000
0.591700000000000
0.663790000000000
0.745350000000000
0.793680000000000
0.764870000000000
0.629650000000000
0.413690000000000
0.200560000000000
0.0642630000000000
0.00802990000000000
-0.00843320000000000
-0.00496340000000000
0.0223240000000000
0.0623140000000000
0.0874120000000000
0.0868590000000000
0.0738590000000000
0.0667470000000000
0.0754280000000000
0.0899190000000000
0.0743150000000000
0.00754550000000000
-0.0693240000000000
-0.0993150000000000
-0.100920000000000
-0.128890000000000
-0.148920000000000
-0.0750410000000000
0.0579840000000000
0.108980000000000
0.0528660000000000
0.0222180000000000
0.0852650000000000
0.143240000000000
0.117580000000000
0.0797760000000000
0.126800000000000
0.241640000000000
0.352600000000000
0.422480000000000
0.438350000000000
0.388530000000000
0.297940000000000
0.213600000000000
0.148580000000000
0.0783020000000000
-0.00749670000000000
-0.0933980000000000
-0.168020000000000
-0.236390000000000
-0.304740000000000
-0.365380000000000
-0.403690000000000
-0.423330000000000
-0.458750000000000
-0.536460000000000
-0.629020000000000
-0.677780000000000
-0.659890000000000
-0.601560000000000
-0.538110000000000
-0.496280000000000
-0.498140000000000
-0.539390000000000
-0.575520000000000
-0.563890000000000
-0.505010000000000
-0.425860000000000
-0.347730000000000
-0.287310000000000
-0.251840000000000
-0.217330000000000
-0.144080000000000
-0.0341800000000000
0.0631130000000000
0.116730000000000
0.151020000000000
0.196650000000000
0.237240000000000
0.234810000000000
0.188910000000000
0.131950000000000
0.0734410000000000
-0.00363370000000000
-0.0959900000000000
-0.157260000000000
-0.140100000000000
-0.0382530000000000
0.103750000000000
0.228400000000000
0.297580000000000
0.316420000000000
0.317410000000000
0.325040000000000
0.328080000000000
0.314100000000000
0.298660000000000
0.313770000000000
0.370130000000000
0.449010000000000
0.521160000000000
0.578120000000000
0.634360000000000
0.697650000000000
0.747910000000000
0.760620000000000
0.733770000000000
0.686100000000000
0.636290000000000
0.610940000000000
0.628860000000000
0.659170000000000
0.620840000000000
0.483020000000000
0.315290000000000
0.206510000000000
0.160540000000000
0.127680000000000
0.0931370000000000
0.0844250000000000
0.111480000000000
0.158340000000000
0.205210000000000
0.225780000000000
0.189030000000000
0.104060000000000
0.0172090000000000
-0.0508060000000000
-0.130820000000000
-0.234920000000000
-0.319260000000000
-0.352130000000000
-0.373710000000000
-0.431160000000000
-0.492060000000000
-0.488160000000000
-0.413260000000000
-0.326600000000000
-0.266820000000000
-0.226990000000000
-0.194900000000000
-0.174470000000000
-0.157410000000000
-0.119820000000000
-0.0526420000000000
0.0257100000000000
0.0929100000000000
0.143460000000000
0.183860000000000
0.220140000000000
0.246700000000000
0.246990000000000
0.210660000000000
0.154240000000000
0.112510000000000
0.105420000000000
0.116500000000000
0.110370000000000
0.0653950000000000
-0.0148330000000000
-0.116130000000000
-0.225640000000000
-0.328700000000000
-0.411100000000000
-0.478500000000000
-0.558020000000000
-0.654470000000000
-0.723830000000000
-0.726240000000000
-0.686040000000000
-0.649980000000000
-0.611100000000000
-0.533320000000000
-0.425700000000000
-0.330580000000000
-0.252380000000000
-0.167120000000000
-0.0782050000000000
-0.0100610000000000
0.0408250000000000
0.0892830000000000
0.123760000000000
0.134120000000000
0.135030000000000
0.126780000000000
0.0782570000000000
0.00374320000000000
-0.0280900000000000
0.00467290000000000
0.0296200000000000
-0.00203610000000000
-0.0386880000000000
-0.0177210000000000
0.0374580000000000
0.0755520000000000
0.102790000000000
0.143460000000000
0.169450000000000
0.135950000000000
0.0518440000000000
-0.0395890000000000
-0.117070000000000
-0.178760000000000
-0.214150000000000
-0.214410000000000
-0.188790000000000
-0.147540000000000
-0.0874980000000000
-0.00723820000000000
0.0830300000000000
0.169590000000000
0.233020000000000
0.250510000000000
0.230990000000000
0.226570000000000
0.269590000000000
0.322130000000000
0.332590000000000
0.313180000000000
0.308780000000000
0.318800000000000
0.313620000000000
0.298030000000000
0.294810000000000
0.287430000000000
0.244960000000000
0.178950000000000
0.138050000000000
0.150960000000000
0.211400000000000
0.292780000000000
0.357680000000000
0.369110000000000
0.329020000000000
0.280900000000000
0.249690000000000
0.209310000000000
0.129990000000000
0.0403070000000000
0.00773140000000000
0.0608680000000000
0.140830000000000
0.164700000000000
0.119830000000000
0.0704140000000000
0.0580280000000000
0.0540070000000000
0.0200890000000000
-0.0215580000000000
-0.0252000000000000
0.00330490000000000
0.0122220000000000
-0.0266420000000000
-0.0923400000000000
-0.157040000000000
-0.214100000000000
-0.265530000000000
-0.300710000000000
-0.304640000000000
-0.279660000000000
-0.244990000000000
-0.212030000000000
-0.177490000000000
-0.149810000000000
-0.152950000000000
-0.194240000000000
-0.245190000000000
-0.281120000000000
-0.312750000000000
-0.361560000000000
-0.414480000000000
-0.434480000000000
-0.405580000000000
-0.351300000000000
-0.302370000000000
-0.263990000000000
-0.216390000000000
-0.148790000000000
-0.0860620000000000
-0.0731460000000000
-0.123420000000000
-0.199200000000000
-0.250060000000000
-0.254030000000000
-0.219030000000000
-0.164730000000000
-0.112200000000000
-0.0741070000000000
-0.0437770000000000
-0.00690410000000000
0.0274540000000000
0.0290920000000000
-0.00392190000000000
-0.0288340000000000
-0.0104740000000000
0.0317050000000000
0.0526960000000000
0.0357870000000000
0.00309900000000000
-0.0158530000000000
-0.00246430000000000
0.0455250000000000
0.112020000000000
0.173970000000000
0.226620000000000
0.280030000000000
0.333610000000000
0.378520000000000
0.421030000000000
0.474310000000000
0.528460000000000
0.558440000000000
0.561350000000000
0.556740000000000
0.552190000000000
0.537020000000000
0.506440000000000
0.465490000000000
0.418110000000000
0.372120000000000
0.339300000000000
0.311480000000000
0.261110000000000
0.183800000000000
0.112030000000000
0.0641470000000000
0.0168290000000000
-0.0461560000000000
-0.0961600000000000
-0.106760000000000
-0.101900000000000
-0.121280000000000
-0.167610000000000
-0.220880000000000
-0.274230000000000
-0.328820000000000
-0.378760000000000
-0.425310000000000
-0.480740000000000
-0.542790000000000
-0.593170000000000
-0.630250000000000
-0.671590000000000
-0.716440000000000
-0.745560000000000
-0.761470000000000
-0.784930000000000
-0.806550000000000
-0.790870000000000
-0.740550000000000
-0.699340000000000
-0.680170000000000
-0.637770000000000
-0.544430000000000
-0.437650000000000
-0.364200000000000
-0.315460000000000
-0.263920000000000
-0.212010000000000
-0.167330000000000
-0.112580000000000
-0.0448450000000000
-0.00270460000000000
-0.00989280000000000
-0.0305120000000000
-0.0168170000000000
0.0284090000000000
0.0776210000000000
0.120050000000000
0.146170000000000
0.141980000000000
0.126970000000000
0.146620000000000
0.196230000000000
0.218380000000000
0.193280000000000
0.176680000000000
0.213530000000000
0.278160000000000
0.326400000000000
0.356180000000000
0.384560000000000
0.408490000000000
0.418030000000000
0.422910000000000
0.443770000000000
0.488940000000000
0.547990000000000
0.602810000000000
0.643890000000000
0.678620000000000
0.717870000000000
0.760260000000000
0.802090000000000
0.852460000000000
0.911280000000000
0.940220000000000
0.890690000000000
0.767030000000000
0.627120000000000
0.518350000000000
0.440630000000000
0.378030000000000
0.329130000000000
0.294650000000000
0.261240000000000
0.220150000000000
0.188940000000000
0.184280000000000
0.187670000000000
0.162270000000000
0.102190000000000
0.0301890000000000
-0.0373450000000000
-0.102390000000000
-0.167680000000000
-0.228390000000000
-0.284260000000000
-0.339810000000000
-0.397920000000000
-0.457570000000000
-0.526360000000000
-0.602870000000000
-0.665040000000000
-0.696860000000000
-0.711610000000000
-0.717410000000000
-0.690200000000000
-0.619370000000000
-0.549100000000000
-0.531310000000000
-0.549370000000000
-0.538040000000000
-0.476760000000000
-0.406250000000000
-0.363980000000000
-0.350280000000000
-0.362590000000000
-0.405340000000000
-0.456510000000000
-0.465420000000000
-0.410760000000000
-0.339130000000000
-0.310410000000000
-0.327070000000000
-0.337240000000000
-0.305260000000000
-0.249780000000000
-0.204830000000000
-0.170380000000000
-0.127760000000000
-0.0857870000000000
-0.0733700000000000
-0.0951120000000000
-0.127160000000000
-0.153900000000000
-0.177160000000000
-0.188670000000000
-0.172020000000000
-0.135040000000000
-0.103760000000000
-0.0807010000000000
-0.0445490000000000
0.00338490000000000
0.0308510000000000
0.0255110000000000
0.0178110000000000
0.0383610000000000
0.0780960000000000
0.112630000000000
0.137120000000000
0.162200000000000
0.190740000000000
0.218550000000000
0.245750000000000
0.279150000000000
0.320630000000000
0.361660000000000
0.392060000000000
0.417230000000000
0.452460000000000
0.493900000000000
0.510510000000000
0.485090000000000
0.444130000000000
0.420570000000000
0.406400000000000
0.375210000000000
0.338620000000000
0.339340000000000
0.394100000000000
0.473380000000000
0.540410000000000
0.574800000000000
0.571440000000000
0.535190000000000
0.483440000000000
0.428110000000000
0.369580000000000
0.304090000000000
0.234210000000000
0.164430000000000
0.108150000000000
0.0929060000000000
0.137070000000000
0.220390000000000
0.301100000000000
0.356850000000000
0.383910000000000
0.370110000000000
0.302800000000000
0.204500000000000
0.121170000000000
0.0703190000000000
0.0291660000000000
-0.0156250000000000
-0.0426360000000000
-0.0289080000000000
0.0154300000000000
0.0612380000000000
0.0930740000000000
0.115820000000000
0.139720000000000
0.166440000000000
0.192080000000000
0.213290000000000
0.232730000000000
0.246580000000000
0.239130000000000
0.195420000000000
0.129230000000000
0.0729920000000000
0.0432160000000000
0.0248260000000000
0.000385590000000000
-0.0298640000000000
-0.0621190000000000
-0.101120000000000
-0.145880000000000
-0.187140000000000
-0.228120000000000
-0.282840000000000
-0.346800000000000
-0.397820000000000
-0.434150000000000
-0.478630000000000
-0.531120000000000
-0.555040000000000
-0.534950000000000
-0.510240000000000
-0.523630000000000
-0.568960000000000
-0.616850000000000
-0.660430000000000
-0.702800000000000
-0.728880000000000
-0.723410000000000
-0.701330000000000
-0.690750000000000
-0.700390000000000
-0.720100000000000
-0.737400000000000
-0.740010000000000
-0.720600000000000
-0.689940000000000
-0.667380000000000
-0.651220000000000
-0.619400000000000
-0.566410000000000
-0.511490000000000
-0.463550000000000
-0.408140000000000
-0.339590000000000
-0.274660000000000
-0.227060000000000
-0.193710000000000
-0.169840000000000
-0.149440000000000
-0.113320000000000
-0.0469430000000000
0.0307080000000000
0.0890650000000000
0.130130000000000
0.177650000000000
0.227340000000000
0.251730000000000
0.249900000000000
0.254610000000000
0.287300000000000
0.341450000000000
0.402840000000000
0.459190000000000
0.493090000000000
0.493450000000000
0.472940000000000
0.456660000000000
0.452630000000000
0.446540000000000
0.425720000000000
0.398290000000000
0.387070000000000
0.406100000000000
0.444120000000000
0.475120000000000
0.482880000000000
0.470120000000000
0.449440000000000
0.435270000000000
0.440500000000000
0.469440000000000
0.512830000000000
0.554150000000000
0.577540000000000
0.569570000000000
0.527320000000000
0.469090000000000
0.419700000000000
0.380630000000000
0.334070000000000
0.279460000000000
0.246320000000000
0.261740000000000
0.321840000000000
0.399620000000000
0.467850000000000
0.511330000000000
0.533400000000000
0.550930000000000
0.569550000000000
0.572830000000000
0.546290000000000
0.495610000000000
0.426480000000000
0.335190000000000
0.232850000000000
0.148190000000000
0.0869690000000000
0.0215410000000000
-0.0556160000000000
-0.105680000000000
-0.0932190000000000
-0.0334300000000000
0.0298130000000000
0.0552720000000000
0.0164920000000000
-0.0747300000000000
-0.163260000000000
-0.211860000000000
-0.255790000000000
-0.341350000000000
-0.445170000000000
-0.511220000000000
-0.545300000000000
-0.587990000000000
-0.633830000000000
-0.649270000000000
-0.648070000000000
-0.667700000000000
-0.698230000000000
-0.698420000000000
-0.662500000000000
-0.617520000000000
-0.577840000000000
-0.547760000000000
-0.538260000000000
-0.547540000000000
-0.550030000000000
-0.531100000000000
-0.499240000000000
-0.461190000000000
-0.414870000000000
-0.367150000000000
-0.324340000000000
-0.278530000000000
-0.227800000000000
-0.194180000000000
-0.190320000000000
-0.192170000000000
-0.167600000000000
-0.119390000000000
-0.0781320000000000
-0.0737470000000000
-0.111410000000000
-0.158130000000000
-0.164590000000000
-0.118700000000000
-0.0556140000000000
-0.000666580000000000
0.0549260000000000
0.105740000000000
0.113460000000000
0.0644370000000000
-0.00200440000000000
-0.0531790000000000
-0.0949050000000000
-0.131180000000000
-0.143460000000000
-0.134480000000000
-0.137940000000000
-0.165130000000000
-0.182670000000000
-0.167990000000000
-0.142970000000000
-0.134840000000000
-0.142750000000000
-0.159340000000000
-0.187400000000000
-0.219670000000000
-0.225390000000000
-0.175580000000000
-0.0800150000000000
0.0188010000000000
0.0899720000000000
0.143380000000000
0.201930000000000
0.261870000000000
0.296060000000000
0.299900000000000
0.300430000000000
0.318740000000000
0.346470000000000
0.375870000000000
0.413310000000000
0.452890000000000
0.467850000000000
0.450480000000000
0.425810000000000
0.416430000000000
0.423800000000000
0.443890000000000
0.472460000000000
0.491720000000000
0.484410000000000
0.454230000000000
0.419990000000000
0.390430000000000
0.373750000000000
0.377780000000000
0.381910000000000
0.337740000000000
0.235710000000000
0.125660000000000
0.0493810000000000
-0.00762550000000000
-0.0756130000000000
-0.152700000000000
-0.222240000000000
-0.280770000000000
-0.328820000000000
-0.360020000000000
-0.374980000000000
-0.376900000000000
-0.352430000000000
-0.286360000000000
-0.193150000000000
-0.106200000000000
-0.0409030000000000
0.00956880000000000
0.0501120000000000
0.0725100000000000
0.0654340000000000
0.0284270000000000
-0.0210530000000000
-0.0614120000000000
-0.0927580000000000
-0.133680000000000
-0.181390000000000
-0.200810000000000
-0.170500000000000
-0.112230000000000
-0.0588320000000000
-0.0200430000000000
0.00779740000000000
0.0299490000000000
0.0586130000000000
0.0955880000000000
0.115860000000000
0.103560000000000
0.0902000000000000
0.110280000000000
0.147040000000000
0.167950000000000
0.183410000000000
0.209310000000000
0.213610000000000
0.164280000000000
0.0937990000000000
0.0416860000000000
-0.0153580000000000
-0.108010000000000
-0.194850000000000
-0.212190000000000
-0.160280000000000
-0.0820040000000000
-0.000245280000000000
0.0692490000000000
0.0931730000000000
0.0619530000000000
0.0121860000000000
-0.0274530000000000
-0.0614890000000000
-0.0820130000000000
-0.0601790000000000
-0.00715340000000000
0.0185500000000000
-0.00858250000000000
-0.0454800000000000
-0.0471780000000000
-0.0216040000000000
0.00223190000000000
0.0166620000000000
0.0294360000000000
0.0416910000000000
0.0427580000000000
0.0189860000000000
-0.0305790000000000
-0.0877650000000000
-0.133950000000000
-0.170150000000000
-0.206450000000000
-0.235070000000000
-0.236920000000000
-0.213010000000000
-0.184930000000000
-0.158870000000000
-0.115450000000000
-0.0428150000000000
0.0404230000000000
0.0976670000000000
0.105310000000000
0.0682310000000000
0.0138500000000000
-0.0352310000000000
-0.0750850000000000
-0.112890000000000
-0.148220000000000
-0.172530000000000
-0.178950000000000
-0.166530000000000
-0.132160000000000
-0.0761970000000000
-0.0113270000000000
0.0442300000000000
0.0843320000000000
0.108620000000000
0.111400000000000
0.0896340000000000
0.0601920000000000
0.0482640000000000
0.0621990000000000
0.0897990000000000
0.119500000000000
0.152460000000000
0.191200000000000
0.227410000000000
0.250940000000000
0.266360000000000
0.288300000000000
0.315530000000000
0.323630000000000
0.298130000000000
0.264930000000000
0.260360000000000
0.277260000000000
0.271060000000000
0.218470000000000
0.144810000000000
0.0876000000000000
0.0559170000000000
0.0303950000000000
-0.00817740000000000
-0.0614170000000000
-0.115540000000000
-0.157070000000000
-0.179150000000000
-0.179140000000000
-0.160260000000000
-0.138830000000000
-0.131610000000000
-0.136380000000000
-0.138250000000000
-0.131510000000000
-0.126830000000000
-0.136280000000000
-0.163690000000000
-0.198620000000000
-0.227030000000000
-0.245910000000000
-0.269330000000000
-0.293400000000000
-0.289010000000000
-0.249830000000000
-0.225210000000000
-0.244150000000000
-0.257690000000000
-0.210810000000000
-0.127440000000000
-0.0591650000000000
-0.00636460000000000
0.0475500000000000
0.0850940000000000
0.0964390000000000
0.119300000000000
0.168080000000000
0.190270000000000
0.146300000000000
0.0857870000000000
0.0734200000000000
0.106350000000000
0.140520000000000
0.156110000000000
0.151680000000000
0.126530000000000
0.0914090000000000
0.0626950000000000
0.0407430000000000
0.0213700000000000
0.0206900000000000
0.0505260000000000
0.0903510000000000
0.114530000000000
0.125570000000000
0.132240000000000
0.123810000000000
0.0946300000000000
0.0616810000000000
0.0377980000000000
0.0157820000000000
-0.00105520000000000
0.00738340000000000
0.0428630000000000
0.0801110000000000
0.100740000000000
0.101360000000000
0.0746080000000000
0.0207530000000000
-0.0289910000000000
-0.0452520000000000
-0.0482700000000000
-0.0826530000000000
-0.140510000000000
-0.163180000000000
-0.116380000000000
-0.0347820000000000
0.0235100000000000
0.0320040000000000
0.00484950000000000
-0.0301610000000000
-0.0551220000000000
-0.0710160000000000
-0.0909280000000000
-0.122890000000000
-0.160150000000000
-0.186120000000000
-0.186890000000000
-0.160480000000000
-0.117020000000000
-0.0668210000000000
-0.0116610000000000
0.0475220000000000
0.102340000000000
0.150920000000000
0.206860000000000
0.275580000000000
0.330300000000000
0.338960000000000
0.301610000000000
0.244570000000000
0.185600000000000
0.131210000000000
0.0856740000000000
0.0473120000000000
0.00862220000000000
-0.0211430000000000
-0.0179250000000000
0.0163350000000000
0.0383690000000000
0.0108800000000000
-0.0522060000000000
-0.110170000000000
-0.143420000000000
-0.157380000000000
-0.151680000000000
-0.118670000000000
-0.0677870000000000
-0.0296580000000000
-0.0223460000000000
-0.0308720000000000
-0.0361360000000000
-0.0455050000000000
-0.0696840000000000
-0.0854560000000000
-0.0708100000000000
-0.0521070000000000
-0.0721220000000000
-0.116740000000000
-0.132060000000000
-0.102130000000000
-0.0636480000000000
-0.0394810000000000
-0.0149130000000000
0.0151090000000000
0.0260700000000000
0.00544860000000000
-0.0280930000000000
-0.0583750000000000
-0.0857140000000000
-0.100080000000000
-0.0765190000000000
-0.0154850000000000
0.0439810000000000
0.0696490000000000
0.0715300000000000
0.0731810000000000
0.0705490000000000
0.0485450000000000
0.0231190000000000
0.0297220000000000
0.0724440000000000
0.120810000000000
0.156420000000000
0.183350000000000
0.195290000000000
0.172160000000000
0.119320000000000
0.0713540000000000
0.0461480000000000
0.0236770000000000
-0.00796280000000000
-0.0235490000000000
0.00100760000000000
0.0449280000000000
0.0692530000000000
0.0619210000000000
0.0399550000000000
0.0161760000000000
-0.00958140000000000
-0.0366350000000000
-0.0604240000000000
-0.0848520000000000
-0.116440000000000
-0.149940000000000
-0.177640000000000
-0.208430000000000
-0.256120000000000
-0.307690000000000
-0.323730000000000
-0.279720000000000
-0.195780000000000
-0.116310000000000
-0.0688990000000000
-0.0507840000000000
-0.0483560000000000
-0.0561870000000000
-0.0755560000000000
-0.100840000000000
-0.115580000000000
-0.102410000000000
-0.0587640000000000
-0.00103360000000000
0.0521260000000000
0.101340000000000
0.159550000000000
0.219550000000000
0.247990000000000
0.226930000000000
0.181790000000000
0.146250000000000
0.120130000000000
0.0935070000000000
0.0831040000000000
0.105070000000000
0.129390000000000
0.113370000000000
0.0596300000000000
0.00180800000000000
-0.0502230000000000
-0.102830000000000
-0.146530000000000
-0.172900000000000
-0.197840000000000
-0.224600000000000
-0.219780000000000
-0.167550000000000
-0.109620000000000
-0.0843240000000000
-0.0700690000000000
-0.0425130000000000
-0.0336620000000000
-0.0767210000000000
-0.134430000000000
-0.147520000000000
-0.110700000000000
-0.0561960000000000
0.00255320000000000
0.0635270000000000
0.113190000000000
0.148050000000000
0.187830000000000
0.231560000000000
0.243060000000000
0.203420000000000
0.145590000000000
0.104310000000000
0.0760740000000000
0.0472210000000000
0.0323320000000000
0.0505170000000000
0.0809950000000000
0.0786910000000000
0.0328600000000000
-0.00934320000000000
-0.000882560000000000
0.0418550000000000
0.0595590000000000
0.0342560000000000
0.00367130000000000
-0.0112190000000000
-0.0305100000000000
-0.0582150000000000
-0.0638410000000000
-0.0380910000000000
-0.00963380000000000
0.00551730000000000
0.0217330000000000
0.0446290000000000
0.0668330000000000
0.0977930000000000
0.142000000000000
0.162410000000000
0.127680000000000
0.0665960000000000
0.0226590000000000
-0.00891680000000000
-0.0429050000000000
-0.0513800000000000
-0.00686970000000000
0.0620200000000000
0.109090000000000
0.127460000000000
0.128650000000000
0.110970000000000
0.0784840000000000
0.0496400000000000
0.0232950000000000
-0.0225130000000000
-0.0886350000000000
-0.147190000000000
-0.177800000000000
-0.178890000000000
-0.151650000000000
-0.106410000000000
-0.0673890000000000
-0.0443800000000000
-0.0181990000000000
0.0151390000000000
0.0219130000000000
-0.0185270000000000
-0.0743540000000000
-0.109840000000000
-0.135040000000000
-0.171720000000000
-0.204280000000000
-0.203790000000000
-0.174910000000000
-0.144440000000000
-0.120690000000000
-0.0937160000000000
-0.0673750000000000
-0.0592020000000000
-0.0760780000000000
-0.104750000000000
-0.128430000000000
-0.135580000000000
-0.121710000000000
-0.0883440000000000
-0.0432760000000000
8.22280000000000e-05
0.0318640000000000
0.0581820000000000
0.0938010000000000
0.138860000000000
0.173040000000000
0.181790000000000
0.171060000000000
0.155040000000000
0.135610000000000
0.114570000000000
0.105310000000000
0.120560000000000
0.150840000000000
0.177230000000000
0.195280000000000
0.213670000000000
0.234940000000000
0.247110000000000
0.239090000000000
0.214990000000000
0.186270000000000
0.152080000000000
0.104850000000000
0.0510230000000000
0.00327810000000000
-0.0417740000000000
-0.0980090000000000
-0.150570000000000
-0.158520000000000
-0.113160000000000
-0.0671110000000000
-0.0703500000000000
-0.110760000000000
-0.145920000000000
-0.168840000000000
-0.199440000000000
-0.234370000000000
-0.244330000000000
-0.223460000000000
-0.198400000000000
-0.189330000000000
-0.186060000000000
-0.172850000000000
-0.151710000000000
-0.139240000000000
-0.148770000000000
-0.179130000000000
-0.210070000000000
-0.216600000000000
-0.191610000000000
-0.150750000000000
-0.107780000000000
-0.0620090000000000
-0.0127580000000000
0.0265940000000000
0.0434190000000000
0.0447300000000000
0.0486600000000000
0.0626090000000000
0.0796280000000000
0.0953200000000000
0.114680000000000
0.144160000000000
0.181770000000000
0.217240000000000
0.242540000000000
0.260810000000000
0.283410000000000
0.315550000000000
0.347830000000000
0.360520000000000
0.340620000000000
0.294930000000000
0.242550000000000
0.191200000000000
0.132110000000000
0.0676740000000000
0.0283180000000000
0.0385230000000000
0.0757080000000000
0.0927400000000000
0.0763370000000000
0.0522320000000000
0.0363520000000000
0.0180480000000000
-0.00860500000000000
-0.0345190000000000
-0.0585370000000000
-0.0869530000000000
-0.109730000000000
-0.108240000000000
-0.0834630000000000
-0.0541670000000000
-0.0348770000000000
-0.0337080000000000
-0.0552760000000000
-0.0905790000000000
-0.122150000000000
-0.147740000000000
-0.173310000000000
-0.184760000000000
-0.160080000000000
-0.112670000000000
-0.0798590000000000
-0.0733260000000000
-0.0705340000000000
-0.0540570000000000
-0.0318420000000000
-0.0271570000000000
-0.0557040000000000
-0.0963910000000000
-0.0993470000000000
-0.0474370000000000
0.00283090000000000
-0.00500200000000000
-0.0459320000000000
-0.0592900000000000
-0.0521670000000000
-0.0677700000000000
-0.0921730000000000
-0.0772280000000000
-0.0311100000000000
0.00378910000000000
0.0268170000000000
0.0591610000000000
0.0781120000000000
0.0532500000000000
0.0168070000000000
0.0232560000000000
0.0628300000000000
0.0886550000000000
0.0996660000000000
0.128190000000000
0.164100000000000
0.161670000000000
0.111650000000000
0.0560170000000000
0.0245050000000000
0.00693160000000000
-0.0132760000000000
-0.0330020000000000
-0.0499080000000000
-0.0730980000000000
-0.104930000000000
-0.134010000000000
-0.157660000000000
-0.186070000000000
-0.217460000000000
-0.230540000000000
-0.213400000000000
-0.173600000000000
-0.119590000000000
-0.0575150000000000
-0.00838640000000000
0.00674850000000000
0.000133560000000000
0.00411380000000000
0.0286880000000000
0.0566090000000000
0.0780960000000000
0.0951160000000000
0.104710000000000
0.105390000000000
0.111270000000000
0.131600000000000
0.154450000000000
0.170240000000000
0.188260000000000
0.216130000000000
0.245440000000000
0.271140000000000
0.296240000000000
0.309510000000000
0.286530000000000
0.226360000000000
0.157090000000000
0.100340000000000
0.0531540000000000
0.0100580000000000
-0.0193870000000000
-0.0198850000000000
0.0109520000000000
0.0531200000000000
0.0730980000000000
0.0521430000000000
0.00485190000000000
-0.0430410000000000
-0.0876820000000000
-0.137480000000000
-0.181050000000000
-0.194310000000000
-0.176430000000000
-0.151090000000000
-0.131080000000000
-0.109180000000000
-0.0821410000000000
-0.0596650000000000
-0.0438220000000000
-0.0237820000000000
0.00548230000000000
0.0281320000000000
0.0249610000000000
-0.00542130000000000
-0.0446910000000000
-0.0726760000000000
-0.0769970000000000
-0.0571290000000000
-0.0297610000000000
-0.0246160000000000
-0.0595470000000000
-0.116420000000000
-0.156420000000000
-0.157610000000000
-0.126470000000000
-0.0783470000000000
-0.0269620000000000
0.00485780000000000
-4.87770000000000e-05
-0.0257390000000000
-0.0302990000000000
0.000466990000000000
0.0353150000000000
0.0343640000000000
-0.00529620000000000
-0.0505290000000000
-0.0641210000000000
-0.0354520000000000
0.0165130000000000
0.0694340000000000
0.118590000000000
0.162890000000000
0.180160000000000
0.148590000000000
0.0854470000000000
0.0318710000000000
-0.000474410000000000
-0.0335020000000000
-0.0725650000000000
-0.0935000000000000
-0.0822410000000000
-0.0567600000000000
-0.0354360000000000
-0.0164500000000000
0.000464590000000000
-0.00130860000000000
-0.0327750000000000
-0.0765910000000000
-0.104770000000000
-0.107410000000000
-0.0948750000000000
-0.0774460000000000
-0.0553060000000000
-0.0287800000000000
-0.00130170000000000
0.0245310000000000
0.0459590000000000
0.0522510000000000
0.0374060000000000
0.0117480000000000
-0.0111450000000000
-0.0325800000000000
-0.0560860000000000
-0.0688810000000000
-0.0550600000000000
-0.0233090000000000
-0.00157250000000000
-0.00427700000000000
-0.0231850000000000
-0.0385590000000000
-0.0331100000000000
-0.00255860000000000
0.0256430000000000
0.0217160000000000
-0.0101820000000000
-0.0327180000000000
-0.0314280000000000
-0.0280360000000000
-0.0449260000000000
-0.0709200000000000
-0.0830660000000000
-0.0737210000000000
-0.0463740000000000
-0.00607360000000000
0.0360010000000000
0.0665820000000000
0.0889310000000000
0.119960000000000
0.157440000000000
0.170710000000000
0.141230000000000
0.0963740000000000
0.0737550000000000
0.0704270000000000
0.0568880000000000
0.0324410000000000
0.0285390000000000
0.0513670000000000
0.0641820000000000
0.0408060000000000
0.00267630000000000
-0.0218330000000000
-0.0312590000000000
-0.0299670000000000
-0.00860930000000000
0.0272860000000000
0.0450730000000000
0.0250690000000000
-0.0115110000000000
-0.0396450000000000
-0.0669270000000000
-0.106090000000000
-0.138810000000000
-0.140380000000000
-0.114990000000000
-0.0858010000000000
-0.0608320000000000
-0.0399880000000000
-0.0332620000000000
-0.0551590000000000
-0.0989270000000000
-0.142920000000000
-0.175150000000000
-0.202510000000000
-0.231580000000000
-0.252420000000000
-0.251350000000000
-0.232770000000000
-0.213160000000000
-0.193390000000000
-0.158100000000000
-0.104950000000000
-0.0550110000000000
-0.0257780000000000
-0.0104840000000000
0.00506280000000000
0.0213860000000000
0.0311950000000000
0.0378720000000000
0.0574070000000000
0.0978320000000000
0.144480000000000
0.173580000000000
0.183240000000000
0.191770000000000
0.207860000000000
0.223000000000000
0.238110000000000
0.266650000000000
0.297590000000000
0.296340000000000
0.255010000000000
0.208180000000000
0.179650000000000
0.160450000000000
0.144020000000000
0.143650000000000
0.165280000000000
0.195940000000000
0.226420000000000
0.250850000000000
0.254030000000000
0.223890000000000
0.178330000000000
0.142520000000000
0.117740000000000
0.0958550000000000
0.0863780000000000
0.100700000000000
0.125610000000000
0.136920000000000
0.125000000000000
0.0957180000000000
0.0581940000000000
0.0201840000000000
-0.0127850000000000
-0.0430480000000000
-0.0754790000000000
-0.110490000000000
-0.145410000000000
-0.181350000000000
-0.217460000000000
-0.242630000000000
-0.244440000000000
-0.222500000000000
-0.191630000000000
-0.171670000000000
-0.178840000000000
-0.212100000000000
-0.252630000000000
-0.279570000000000
-0.283750000000000
-0.262260000000000
-0.216740000000000
-0.160380000000000
-0.110010000000000
-0.0660220000000000
-0.0176640000000000
0.0252300000000000
0.0345770000000000
0.0109300000000000
-0.0100420000000000
-0.0135010000000000
-0.0276700000000000
-0.0647460000000000
-0.0895760000000000
-0.0707610000000000
-0.0285010000000000
0.00285970000000000
0.0239110000000000
0.0447860000000000
0.0489970000000000
0.0191150000000000
-0.0246970000000000
-0.0576910000000000
-0.0875980000000000
-0.128680000000000
-0.158080000000000
-0.144440000000000
-0.106130000000000
-0.0957040000000000
-0.126990000000000
-0.160050000000000
-0.164460000000000
-0.150750000000000
-0.131270000000000
-0.0953920000000000
-0.0474060000000000
-0.0239650000000000
-0.0424280000000000
-0.0658450000000000
-0.0555480000000000
-0.0231140000000000
0.00371400000000000
0.0290080000000000
0.0644330000000000
0.0945070000000000
0.104860000000000
0.112770000000000
0.133260000000000
0.144450000000000
0.125000000000000
0.0979720000000000
0.101460000000000
0.135390000000000
0.171390000000000
0.194960000000000
0.211810000000000
0.222200000000000
0.215200000000000
0.188450000000000
0.162770000000000
0.165580000000000
0.194500000000000
0.210950000000000
0.185430000000000
0.137330000000000
0.100280000000000
0.0717780000000000
0.0363970000000000
0.0188640000000000
0.0530550000000000
0.107750000000000
0.113230000000000
0.0601790000000000
0.00813580000000000
-0.0122910000000000
-0.0300110000000000
-0.0613060000000000
-0.0733610000000000
-0.0431590000000000
0.00556750000000000
0.0442320000000000
0.0708730000000000
0.0832030000000000
0.0630610000000000
0.0105000000000000
-0.0363800000000000
-0.0354490000000000
0.0170120000000000
0.0788850000000000
0.0987470000000000
0.0618320000000000
0.00435120000000000
-0.0320340000000000
-0.0464970000000000
-0.0643020000000000
-0.0895010000000000
-0.104200000000000
-0.106720000000000
-0.112740000000000
-0.121860000000000
-0.116950000000000
-0.0956780000000000
-0.0711190000000000
-0.0444920000000000
-0.00940080000000000
0.0272490000000000
0.0567050000000000
0.0907520000000000
0.141400000000000
0.186290000000000
0.189550000000000
0.148820000000000
0.0938230000000000
0.0434830000000000
0.00224580000000000
-0.0169860000000000
-0.00230600000000000
0.0293790000000000
0.0526400000000000
0.0717470000000000
0.105680000000000
0.139940000000000
0.137280000000000
0.0940610000000000
0.0480890000000000
0.0236050000000000
0.00856540000000000
-0.0110180000000000
-0.0281880000000000
-0.0369250000000000
-0.0458890000000000
-0.0583850000000000
-0.0605970000000000
-0.0435580000000000
-0.0205750000000000
-0.0115250000000000
-0.0212160000000000
-0.0409840000000000
-0.0618990000000000
-0.0812260000000000
-0.101100000000000
-0.124130000000000
-0.148340000000000
-0.169420000000000
-0.186880000000000
-0.199800000000000
-0.199150000000000
-0.179050000000000
-0.151850000000000
-0.132130000000000
-0.112050000000000
-0.0767670000000000
-0.0362440000000000
-0.0157460000000000
-0.0219390000000000
-0.0454260000000000
-0.0788610000000000
-0.108580000000000
-0.108790000000000
-0.0829820000000000
-0.0740610000000000
-0.0971410000000000
-0.102870000000000
-0.0546750000000000
0.00545670000000000
0.0167300000000000
-0.0222330000000000
-0.0742670000000000
-0.123900000000000
-0.166040000000000
-0.178790000000000
-0.146270000000000
-0.0867260000000000
-0.0236390000000000
0.0307590000000000
0.0591890000000000
0.0431890000000000
-0.00137450000000000
-0.0392720000000000
-0.0580730000000000
-0.0655880000000000
-0.0533560000000000
-0.00990860000000000
0.0447400000000000
0.0792730000000000
0.0976920000000000
0.122220000000000
0.143400000000000
0.132760000000000
0.0986390000000000
0.0819160000000000
0.0959990000000000
0.108110000000000
0.0890260000000000
0.0551050000000000
0.0466100000000000
0.0755460000000000
0.110970000000000
0.118170000000000
0.0962440000000000
0.0663070000000000
0.0377400000000000
0.00865670000000000
-0.0104670000000000
-0.00495430000000000
0.0167520000000000
0.0306420000000000
0.0283670000000000
0.0174310000000000
0.00187920000000000
-0.0167160000000000
-0.0289950000000000
-0.0319270000000000
-0.0384720000000000
-0.0565460000000000
-0.0700200000000000
-0.0586660000000000
-0.0180730000000000
0.0400800000000000
0.0860870000000000
0.0845800000000000
0.0423010000000000
0.0188630000000000
0.0517120000000000
0.104040000000000
0.126070000000000
0.129640000000000
0.153760000000000
0.190480000000000
0.199360000000000
0.173050000000000
0.137470000000000
0.104810000000000
0.0683610000000000
0.0280300000000000
-0.00848370000000000
-0.0352160000000000
-0.0465610000000000
-0.0413070000000000
-0.0314270000000000
-0.0326730000000000
-0.0473930000000000
-0.0656590000000000
-0.0814410000000000
-0.0980400000000000
-0.121040000000000
-0.147890000000000
-0.164580000000000
-0.159090000000000
-0.139220000000000
-0.119380000000000
-0.0953480000000000
-0.0631110000000000
-0.0491560000000000
-0.0784680000000000
-0.121520000000000
-0.125490000000000
-0.0931800000000000
-0.0784990000000000
-0.107290000000000
-0.152110000000000
-0.186080000000000
-0.204280000000000
-0.200300000000000
-0.165550000000000
-0.114560000000000
-0.0711220000000000
-0.0465490000000000
-0.0436170000000000
-0.0585370000000000
-0.0643400000000000
-0.0308130000000000
0.0272130000000000
0.0553750000000000
0.0285190000000000
-0.0196680000000000
-0.0462580000000000
-0.0431510000000000
-0.0225540000000000
0.00519200000000000
0.0309970000000000
0.0502910000000000
0.0710730000000000
0.0991610000000000
0.119250000000000
0.109210000000000
0.0729870000000000
0.0385720000000000
0.0223730000000000
0.0129600000000000
-0.00545970000000000
-0.0310840000000000
-0.0526460000000000
-0.0672540000000000
-0.0801460000000000
-0.0927880000000000
-0.0998310000000000
-0.0948980000000000
-0.0749460000000000
-0.0416170000000000
-0.00209900000000000
0.0357630000000000
0.0709330000000000
0.106150000000000
0.135150000000000
0.143400000000000
0.124050000000000
0.0862770000000000
0.0485120000000000
0.0285080000000000
0.0331940000000000
0.0548420000000000
0.0842160000000000
0.123360000000000
0.174490000000000
0.218790000000000
0.227230000000000
0.195610000000000
0.149370000000000
0.107540000000000
0.0681670000000000
0.0304500000000000
0.00544850000000000
-0.000742850000000000
0.00728180000000000
0.0242120000000000
0.0451040000000000
0.0617340000000000
0.0692230000000000
0.0685620000000000
0.0523390000000000
0.0127870000000000
-0.0350200000000000
-0.0650650000000000
-0.0799200000000000
-0.100990000000000
-0.123060000000000
-0.122440000000000
-0.107920000000000
-0.109350000000000
-0.117640000000000
-0.0960200000000000
-0.0520250000000000
-0.0311830000000000
-0.0453260000000000
-0.0602120000000000
-0.0509400000000000
-0.0215770000000000
0.0157730000000000
0.0443330000000000
0.0404420000000000
0.00623000000000000
-0.0146630000000000
0.00590300000000000
0.0323110000000000
0.0140800000000000
-0.0422070000000000
-0.0839150000000000
-0.0768370000000000
-0.0331350000000000
0.0122480000000000
0.0381760000000000
0.0496220000000000
0.0652180000000000
0.0891600000000000
0.0959940000000000
0.0588850000000000
-1.10610000000000e-06
-0.0159930000000000
0.0400370000000000
0.111740000000000
0.122440000000000
0.0772410000000000
0.0516460000000000
0.0760590000000000
0.0992030000000000
0.0774440000000000
0.0360740000000000
0.0123630000000000
-0.000663220000000000
-0.0253870000000000
-0.0590630000000000
-0.0904450000000000
-0.115570000000000
-0.122000000000000
-0.0944370000000000
-0.0529830000000000
-0.0428720000000000
-0.0787970000000000
-0.130240000000000
-0.164550000000000
-0.168670000000000
-0.137720000000000
-0.0773280000000000
-0.0191490000000000
-0.00187910000000000
-0.0311900000000000
-0.0731910000000000
-0.0959550000000000
-0.101930000000000
-0.113950000000000
-0.133510000000000
-0.129770000000000
-0.0777980000000000
0.00557510000000000
0.0820740000000000
0.135500000000000
0.172880000000000
0.192410000000000
0.183160000000000
0.151420000000000
0.121640000000000
0.103560000000000
0.0877270000000000
0.0684170000000000
0.0585780000000000
0.0748450000000000
0.120460000000000
0.175600000000000
0.209230000000000
0.204300000000000
0.172520000000000
0.134800000000000
0.102950000000000
0.0865110000000000
0.0980010000000000
0.128400000000000
0.144470000000000
0.126690000000000
0.0904750000000000
0.0539870000000000
0.0160170000000000
-0.0232330000000000
-0.0526120000000000
-0.0733640000000000
-0.0971820000000000
-0.112020000000000
-0.0906770000000000
-0.0418080000000000
-0.00883340000000000
-0.00755550000000000
-0.00909330000000000
0.00301650000000000
0.00345110000000000
-0.0262370000000000
-0.0560480000000000
-0.0436840000000000
0.00899480000000000
0.0624110000000000
0.0929510000000000
0.112280000000000
0.134330000000000
0.146060000000000
0.126920000000000
0.0811700000000000
0.0349040000000000
0.0110720000000000
0.0186360000000000
0.0512270000000000
0.0852450000000000
0.101590000000000
0.110000000000000
0.132210000000000
0.156730000000000
0.147420000000000
0.0960960000000000
0.0357840000000000
-0.00737420000000000
-0.0330220000000000
-0.0411770000000000
-0.0262470000000000
-0.000730760000000000
0.0159310000000000
0.0184280000000000
0.00695870000000000
-0.0270590000000000
-0.0773400000000000
-0.119400000000000
-0.144070000000000
-0.169070000000000
-0.198640000000000
-0.209220000000000
-0.186990000000000
-0.146680000000000
-0.105510000000000
-0.0767400000000000
-0.0786590000000000
-0.106050000000000
-0.114170000000000
-0.0779230000000000
-0.0362710000000000
-0.0294660000000000
-0.0327200000000000
-0.00150610000000000
0.0459960000000000
0.0545020000000000
0.0158860000000000
-0.0244940000000000
-0.0354420000000000
-0.0235050000000000
-0.00689190000000000
0.00108870000000000
-0.00711100000000000
-0.0244470000000000
-0.0381870000000000
-0.0486980000000000
-0.0667310000000000
-0.0874770000000000
-0.0940730000000000
-0.0872770000000000
-0.0850030000000000
-0.0856970000000000
-0.0653010000000000
-0.0195490000000000
0.0206650000000000
0.0238690000000000
-0.00456780000000000
-0.0259060000000000
-0.00749300000000000
0.0420330000000000
0.0754720000000000
0.0563420000000000
-1.02790000000000e-05
-0.0478760000000000
-0.0680200000000000
-0.0690220000000000
-0.0479740000000000
-0.000386470000000000
0.0420630000000000
0.0359870000000000
-0.0105180000000000
-0.0504330000000000
-0.0707790000000000
-0.0926140000000000
-0.108560000000000
-0.0850230000000000
-0.0310480000000000
0.00991780000000000
0.0286810000000000
0.0549610000000000
0.0888420000000000
0.0938710000000000
0.0588900000000000
0.0139380000000000
-0.0229320000000000
-0.0561900000000000
-0.0766300000000000
-0.0630160000000000
-0.0216730000000000
0.0245930000000000
0.0685080000000000
0.106240000000000
0.110440000000000
0.0653520000000000
0.00701180000000000
-0.0118830000000000
0.0128360000000000
0.0445950000000000
0.0587710000000000
0.0530040000000000
0.0240530000000000
-0.0171670000000000
-0.0313790000000000
0.00822230000000000
0.0648660000000000
0.0774550000000000
0.0375220000000000
-0.00124660000000000
1.64520000000000e-06
0.0204090000000000
0.0185620000000000
-0.00667010000000000
-0.0227950000000000
-0.0135540000000000
0.00282060000000000
0.00689470000000000
0.00176560000000000
-0.00446170000000000
-0.0177590000000000
-0.0404960000000000
-0.0551420000000000
-0.0486560000000000
-0.0390350000000000
-0.0525020000000000
-0.0808480000000000
-0.0912660000000000
-0.0738020000000000
-0.0541640000000000
-0.0557040000000000
-0.0749930000000000
-0.0966670000000000
-0.113010000000000
-0.123010000000000
-0.126060000000000
-0.120190000000000
-0.102510000000000
-0.0779970000000000
-0.0675670000000000
-0.0871550000000000
-0.115300000000000
-0.113710000000000
-0.0878450000000000
-0.0847430000000000
-0.117960000000000
-0.143700000000000
-0.132080000000000
-0.107850000000000
-0.0960470000000000
-0.0829360000000000
-0.0632590000000000
-0.0660810000000000
-0.0941460000000000
-0.0986120000000000
-0.0533490000000000
-0.00367120000000000
0.00176310000000000
-0.0285700000000000
-0.0617740000000000
-0.0896710000000000
-0.108450000000000
-0.101430000000000
-0.0703870000000000
-0.0443850000000000
-0.0356410000000000
-0.0229230000000000
0.00503350000000000
0.0337370000000000
0.0554380000000000
0.0759550000000000
0.0828180000000000
0.0547360000000000
0.00778710000000000
-0.0149230000000000
-0.00141440000000000
0.0207760000000000
0.0346140000000000
0.0502660000000000
0.0753690000000000
0.105150000000000
0.138760000000000
0.173510000000000
0.193180000000000
0.186060000000000
0.159710000000000
0.123650000000000
0.0839460000000000