-0.00702520000000000
-0.0192650000000000
-0.0281880000000000
-0.0257060000000000
-0.0201290000000000
-0.0184440000000000
-0.0204950000000000
-0.0195240000000000
-0.0160840000000000
-0.0106820000000000
0.00321240000000000
0.0240180000000000
0.0324330000000000
0.0191140000000000
0.00301860000000000
0.00516820000000000
0.0190000000000000
0.0281000000000000
0.0329130000000000
0.0391380000000000
0.0356320000000000
0.0126640000000000
-0.0122510000000000
-0.0143630000000000
-0.00254220000000000
-0.00914770000000000
-0.0405370000000000
-0.0648700000000000
-0.0566290000000000
-0.0268480000000000
0.00197280000000000
0.0278190000000000
0.0555870000000000
0.0681530000000000
0.0404030000000000
-0.0193750000000000
-0.0686140000000000
-0.0775070000000000
-0.0541470000000000
-0.0192740000000000
0.0165300000000000
0.0418260000000000
0.0401070000000000
0.0167950000000000
0.00488500000000000
0.0205650000000000
0.0340300000000000
0.0141690000000000
-0.0197620000000000
-0.0259180000000000
-0.00359790000000000
0.0137040000000000
0.0183990000000000
0.0357030000000000
0.0692700000000000
0.0843450000000000
0.0585070000000000
0.0147970000000000
-0.00932110000000000
-0.00582690000000000
0.00385210000000000
-0.00402530000000000
-0.0315570000000000
-0.0571960000000000
-0.0587840000000000
-0.0389780000000000
-0.0137510000000000
0.0154510000000000
0.0522440000000000
0.0753400000000000
0.0560410000000000
0.00466820000000000
-0.0353700000000000
-0.0366130000000000
-0.00100840000000000
0.0565120000000000
0.0984880000000000
0.0743480000000000
-0.0121370000000000
-0.0772050000000000
-0.0575430000000000
0.00502630000000000
0.0329870000000000
0.0216910000000000
0.0100290000000000
-0.00197920000000000
-0.0294390000000000
-0.0397030000000000
0.00475980000000000
0.0712470000000000
0.0905200000000000
0.0454870000000000
-0.0202490000000000
-0.0557220000000000
-0.0329400000000000
0.0362340000000000
0.0873110000000000
0.0570100000000000
-0.0296540000000000
-0.0799940000000000
-0.0586630000000000
-0.0270440000000000
-0.0387510000000000
-0.0622750000000000
-0.0475620000000000
-0.00876330000000000
0.0120270000000000
0.0205960000000000
0.0509650000000000
0.0966730000000000
0.116670000000000
0.0974510000000000
0.0635970000000000
0.0339000000000000
0.00840720000000000
-0.00431560000000000
0.00788000000000000
0.0218020000000000
-0.00482530000000000
-0.0644320000000000
-0.0914550000000000
-0.0450300000000000
0.0414670000000000
0.109040000000000
0.135090000000000
0.126470000000000
0.0883000000000000
0.0321120000000000
-0.0115530000000000
-0.0231720000000000
-0.0204050000000000
-0.0269960000000000
-0.0363460000000000
-0.0305360000000000
-0.0145250000000000
-0.00317620000000000
0.00734540000000000
0.0215210000000000
0.0134700000000000
-0.0431070000000000
-0.118890000000000
-0.152000000000000
-0.129620000000000
-0.0984000000000000
-0.0849300000000000
-0.0589930000000000
-0.000507350000000000
0.0466700000000000
0.0322560000000000
-0.0212360000000000
-0.0491330000000000
-0.0360320000000000
-0.0233100000000000
-0.0341650000000000
-0.0443440000000000
-0.0340920000000000
-0.0208810000000000
-0.0227550000000000
-0.0261920000000000
-0.0133840000000000
0.00853240000000000
0.0226570000000000
0.0231180000000000
0.0105110000000000
-0.00738320000000000
-0.00813070000000000
0.0222500000000000
0.0576210000000000
0.0569190000000000
0.0218850000000000
-0.00529850000000000
-0.00150560000000000
0.0160100000000000
0.0226860000000000
0.00991150000000000
-0.0177750000000000
-0.0385540000000000
-0.0234890000000000
0.0203360000000000
0.0391370000000000
-0.000297070000000000
-0.0584610000000000
-0.0779700000000000
-0.0603280000000000
-0.0444260000000000
-0.0356730000000000
-0.00678270000000000
0.0469860000000000
0.0952060000000000
0.108050000000000
0.0834930000000000
0.0452500000000000
0.0228710000000000
0.0192660000000000
0.000341120000000000
-0.0602270000000000
-0.134670000000000
-0.166640000000000
-0.138760000000000
-0.0814060000000000
-0.0301730000000000
0.00181170000000000
0.0192100000000000
0.0378860000000000
0.0658480000000000
0.0804910000000000
0.0499130000000000
-0.0154880000000000
-0.0677520000000000
-0.0818700000000000
-0.0716250000000000
-0.0509020000000000
-0.0281320000000000
-0.0267560000000000
-0.0573530000000000
-0.0798810000000000
-0.0519430000000000
0.00226380000000000
0.0281440000000000
0.0266810000000000
0.0377980000000000
0.0580560000000000
0.0465760000000000
0.00136360000000000
-0.0347500000000000
-0.0423940000000000
-0.0417510000000000
-0.0432260000000000
-0.0273880000000000
0.0186280000000000
0.0766930000000000
0.113510000000000
0.106420000000000
0.0605560000000000
0.00655870000000000
-0.0288890000000000
-0.0525660000000000
-0.0874940000000000
-0.132860000000000
-0.162450000000000
-0.159350000000000
-0.127320000000000
-0.0721240000000000
0.00273920000000000
0.0820370000000000
0.143200000000000
0.172780000000000
0.164500000000000
0.116650000000000
0.0502270000000000
0.00906630000000000
0.0170130000000000
0.0531600000000000
0.0855200000000000
0.106340000000000
0.114260000000000
0.0919240000000000
0.0344810000000000
-0.0227110000000000
-0.0357460000000000
0.000175570000000000
0.0587670000000000
0.114950000000000
0.152570000000000
0.157240000000000
0.127020000000000
0.0771760000000000
0.0255520000000000
-0.0188810000000000
-0.0482620000000000
-0.0581430000000000
-0.0600700000000000
-0.0729510000000000
-0.0967860000000000
-0.114370000000000
-0.121180000000000
-0.133410000000000
-0.158630000000000
-0.176320000000000
-0.162530000000000
-0.124510000000000
-0.0933230000000000
-0.0817720000000000
-0.0699440000000000
-0.0394770000000000
0.000243860000000000
0.0348260000000000
0.0683050000000000
0.100630000000000
0.105290000000000
0.0602570000000000
-0.0139770000000000
-0.0752280000000000
-0.104910000000000
-0.107590000000000
-0.0852980000000000
-0.0401810000000000
0.0135030000000000
0.0641050000000000
0.112090000000000
0.149890000000000
0.154920000000000
0.120210000000000
0.0726610000000000
0.0440190000000000
0.0374660000000000
0.0345600000000000
0.0222990000000000
0.00335700000000000
-0.0107630000000000
-0.0119680000000000
-0.00661040000000000
-0.0105530000000000
-0.0290370000000000
-0.0516420000000000
-0.0719170000000000
-0.0946230000000000
-0.114230000000000
-0.102530000000000
-0.0379970000000000
0.0572120000000000
0.123550000000000
0.119830000000000
0.0680130000000000
0.0334940000000000
0.0491630000000000
0.0743720000000000
0.0471920000000000
-0.0307950000000000
-0.0987700000000000
-0.118690000000000
-0.111060000000000
-0.105160000000000
-0.101040000000000
-0.0870630000000000
-0.0542120000000000
0.0105500000000000
0.103430000000000
0.175720000000000
0.173510000000000
0.106120000000000
0.0334760000000000
-0.0116220000000000
-0.0427050000000000
-0.0708620000000000
-0.0864480000000000
-0.0908950000000000
-0.103870000000000
-0.131410000000000
-0.151770000000000
-0.137310000000000
-0.0825950000000000
-0.0187820000000000
0.00454810000000000
-0.0255170000000000
-0.0562790000000000
-0.0258660000000000
0.0591110000000000
0.136530000000000
0.170580000000000
0.181820000000000
0.196170000000000
0.202400000000000
0.170250000000000
0.0842060000000000
-0.0404430000000000
-0.159390000000000
-0.220680000000000
-0.205720000000000
-0.140220000000000
-0.0631150000000000
0.00273540000000000
0.0452980000000000
0.0571260000000000
0.0488210000000000
0.0478380000000000
0.0649810000000000
0.0785840000000000
0.0700450000000000
0.0578270000000000
0.0735700000000000
0.115540000000000
0.143500000000000
0.124780000000000
0.0734480000000000
0.0361020000000000
0.0344020000000000
0.0409780000000000
0.0254980000000000
0.00714990000000000
0.0255060000000000
0.0692650000000000
0.0769360000000000
0.0185620000000000
-0.0628970000000000
-0.106310000000000
-0.0997220000000000
-0.0738250000000000
-0.0543450000000000
-0.0399480000000000
-0.0210550000000000
-0.00628880000000000
-0.0229990000000000
-0.0811850000000000
-0.149280000000000
-0.183950000000000
-0.177280000000000
-0.151760000000000
-0.125320000000000
-0.101450000000000
-0.0798740000000000
-0.0538240000000000
-0.0155050000000000
0.0233110000000000
0.0434130000000000
0.0572570000000000
0.0938360000000000
0.137190000000000
0.137300000000000
0.0902580000000000
0.0423630000000000
0.00319090000000000
-0.0637490000000000
-0.149530000000000
-0.179720000000000
-0.116040000000000
-0.00521190000000000
0.0910180000000000
0.153820000000000
0.177820000000000
0.154490000000000
0.103270000000000
0.0618710000000000
0.0329260000000000
-0.00423510000000000
-0.0291610000000000
0.00721370000000000
0.0994300000000000
0.177560000000000
0.195330000000000
0.178930000000000
0.175060000000000
0.196220000000000
0.233150000000000
0.280330000000000
0.325470000000000
0.343480000000000
0.326450000000000
0.302950000000000
0.304470000000000
0.329890000000000
0.373060000000000
0.458980000000000
0.598740000000000
0.729990000000000
0.780560000000000
0.775320000000000
0.788210000000000
0.792350000000000
0.678160000000000
0.420190000000000
0.125500000000000
-0.0947710000000000
-0.189430000000000
-0.142750000000000
0.0133250000000000
0.157940000000000
0.141150000000000
-0.125520000000000
-0.626150000000000
-1.23270000000000
-1.76090000000000
-2.12210000000000
-2.36840000000000
-2.48270000000000
-2.28430000000000
-1.68940000000000
-0.887110000000000
-0.0546070000000000
0.826160000000000
1.66660000000000
2.09680000000000
1.87530000000000
1.20910000000000
0.439280000000000
-0.284520000000000
-0.870730000000000
-1.16650000000000
-1.16140000000000
-0.993380000000000
-0.708520000000000
-0.300890000000000
0.0189900000000000
-0.000770130000000000
-0.263630000000000
-0.448760000000000
-0.481640000000000
-0.491130000000000
-0.446490000000000
-0.186650000000000
0.241640000000000
0.603680000000000
0.751330000000000
0.697510000000000
0.513560000000000
0.321170000000000
0.263220000000000
0.354230000000000
0.461420000000000
0.490360000000000
0.469300000000000
0.424770000000000
0.327570000000000
0.192110000000000
0.108240000000000
0.138790000000000
0.264370000000000
0.433070000000000
0.607150000000000
0.764710000000000
0.893950000000000
0.967540000000000
0.915650000000000
0.674310000000000
0.276470000000000
-0.169990000000000
-0.592410000000000
-0.969410000000000
-1.24860000000000
-1.36090000000000
-1.32570000000000
-1.24870000000000
-1.17790000000000
-1.04780000000000
-0.786230000000000
-0.411200000000000
0.0125800000000000
0.440390000000000
0.854660000000000
1.24120000000000
1.53650000000000
1.58070000000000
1.22670000000000
0.533820000000000
-0.262560000000000
-0.974430000000000
-1.50890000000000
-1.70190000000000
-1.39260000000000
-0.725970000000000
-0.155950000000000
0.0402040000000000
0.00592150000000000
-0.0348780000000000
-0.112980000000000
-0.329520000000000
-0.562450000000000
-0.562960000000000
-0.241980000000000
0.238700000000000
0.626480000000000
0.746320000000000
0.595100000000000
0.312570000000000
0.0658550000000000
-0.0837000000000000
-0.173620000000000
-0.247350000000000
-0.294290000000000
-0.280920000000000
-0.205150000000000
-0.112340000000000
-0.0439500000000000
0.0312010000000000
0.184670000000000
0.418480000000000
0.632300000000000
0.738510000000000
0.760060000000000
0.787490000000000
0.857360000000000
0.904670000000000
0.836300000000000
0.633230000000000
0.362270000000000
0.0867400000000000
-0.180740000000000
-0.424380000000000
-0.582650000000000
-0.620160000000000
-0.584200000000000
-0.525920000000000
-0.419630000000000
-0.242680000000000
-0.0689830000000000
0.0209750000000000
0.0811090000000000
0.230240000000000
0.465590000000000
0.656640000000000
0.720450000000000
0.685020000000000
0.573510000000000
0.347170000000000
-0.00439220000000000
-0.389680000000000
-0.681200000000000
-0.798550000000000
-0.726890000000000
-0.505000000000000
-0.246070000000000
-0.0908750000000000
-0.0927610000000000
-0.172700000000000
-0.227290000000000
-0.234760000000000
-0.223340000000000
-0.181800000000000
-0.0674550000000000
0.105450000000000
0.243600000000000
0.258430000000000
0.150260000000000
-0.00495900000000000
-0.141900000000000
-0.257840000000000
-0.377430000000000
-0.500370000000000
-0.611150000000000
-0.702870000000000
-0.747620000000000
-0.673300000000000
-0.435670000000000
-0.0845590000000000
0.300670000000000
0.701910000000000
1.10270000000000
1.38530000000000
1.39600000000000
1.11450000000000
0.676700000000000
0.249390000000000
-0.0687960000000000
-0.251120000000000
-0.323370000000000
-0.326880000000000
-0.287660000000000
-0.227270000000000
-0.191480000000000
-0.211520000000000
-0.244550000000000
-0.213250000000000
-0.104060000000000
0.0252550000000000
0.131160000000000
0.215010000000000
0.280550000000000
0.310240000000000
0.290290000000000
0.226030000000000
0.128010000000000
-0.000576500000000000
-0.159870000000000
-0.336780000000000
-0.496450000000000
-0.591650000000000
-0.584290000000000
-0.460440000000000
-0.249180000000000
-0.0326490000000000
0.0975680000000000
0.124710000000000
0.120890000000000
0.158490000000000
0.239560000000000
0.327910000000000
0.397650000000000
0.422210000000000
0.366410000000000
0.232610000000000
0.0697090000000000
-0.0805660000000000
-0.207370000000000
-0.282310000000000
-0.260520000000000
-0.146060000000000
-0.0105130000000000
0.0804580000000000
0.115230000000000
0.105980000000000
0.0637080000000000
0.0166870000000000
0.00891020000000000
0.0548480000000000
0.125120000000000
0.178910000000000
0.192580000000000
0.161640000000000
0.0989610000000000
0.0259570000000000
-0.0448470000000000
-0.106230000000000
-0.133610000000000
-0.0938140000000000
0.00785670000000000
0.111750000000000
0.151690000000000
0.109180000000000
0.0128890000000000
-0.0969610000000000
-0.191330000000000
-0.251790000000000
-0.267290000000000
-0.236880000000000
-0.175880000000000
-0.110860000000000
-0.0636360000000000
-0.0452330000000000
-0.0685790000000000
-0.147660000000000
-0.265610000000000
-0.363050000000000
-0.382160000000000
-0.319920000000000
-0.216430000000000
-0.106610000000000
-0.00167620000000000
0.0911560000000000
0.161750000000000
0.203390000000000
0.209340000000000
0.175600000000000
0.126400000000000
0.113710000000000
0.160860000000000
0.224530000000000
0.240110000000000
0.192120000000000
0.114210000000000
0.0396480000000000
-0.0201460000000000
-0.0589790000000000
-0.0690220000000000
-0.0438410000000000
0.0207530000000000
0.116970000000000
0.205890000000000
0.227380000000000
0.149820000000000
0.00599000000000000
-0.131260000000000
-0.213640000000000
-0.250210000000000
-0.284080000000000
-0.340880000000000
-0.406550000000000
-0.444170000000000
-0.418790000000000
-0.310490000000000
-0.130720000000000
0.0732290000000000
0.251430000000000
0.380670000000000
0.449440000000000
0.435760000000000
0.334080000000000
0.186600000000000
0.0574080000000000
-0.0148960000000000
-0.0137300000000000
0.0684790000000000
0.203750000000000
0.319460000000000
0.359850000000000
0.329910000000000
0.265600000000000
0.190800000000000
0.120360000000000
0.0677950000000000
0.0369610000000000
0.0275780000000000
0.0469000000000000
0.0869100000000000
0.104130000000000
0.0639450000000000
-0.00767650000000000
-0.0575390000000000
-0.0722400000000000
-0.0756690000000000
-0.0817550000000000
-0.0922230000000000
-0.121810000000000
-0.185210000000000
-0.263460000000000
-0.313450000000000
-0.308620000000000
-0.256830000000000
-0.187090000000000
-0.130920000000000
-0.103190000000000
-0.0917740000000000
-0.0732380000000000
-0.0423500000000000
-0.0133250000000000
0.00623630000000000
0.0247720000000000
0.0451300000000000
0.0527540000000000
0.0371020000000000
0.0123280000000000
0.00248300000000000
0.0124060000000000
0.0241170000000000
0.0185130000000000
-0.0102050000000000
-0.0534050000000000
-0.0915920000000000
-0.103710000000000
-0.0851840000000000
-0.0491860000000000
-0.00360850000000000
0.0601780000000000
0.142520000000000
0.216960000000000
0.256860000000000
0.266930000000000
0.268990000000000
0.270190000000000
0.264210000000000
0.249560000000000
0.225900000000000
0.187950000000000
0.141780000000000
0.115760000000000
0.131490000000000
0.175510000000000
0.209220000000000
0.202170000000000
0.149070000000000
0.0721030000000000
0.00779060000000000
-0.0169710000000000
-0.00296620000000000
0.0310070000000000
0.0665180000000000
0.0874910000000000
0.0773390000000000
0.0313010000000000
-0.0336570000000000
-0.0963640000000000
-0.150600000000000
-0.197740000000000
-0.228790000000000
-0.228650000000000
-0.192840000000000
-0.129880000000000
-0.0476470000000000
0.0508850000000000
0.152880000000000
0.225260000000000
0.232500000000000
0.171640000000000
0.0797080000000000
-0.000149920000000000
-0.0527600000000000
-0.0821080000000000
-0.0874260000000000
-0.0675150000000000
-0.0430000000000000
-0.0483610000000000
-0.0956480000000000
-0.158850000000000
-0.203280000000000
-0.217970000000000
-0.213060000000000
-0.198640000000000
-0.183370000000000
-0.183350000000000
-0.212280000000000
-0.260970000000000
-0.304770000000000
-0.329610000000000
-0.334130000000000
-0.309420000000000
-0.245050000000000
-0.153830000000000
-0.0622370000000000
0.0228970000000000
0.107880000000000
0.182660000000000
0.234780000000000
0.278270000000000
0.323500000000000
0.330750000000000
0.253560000000000
0.121720000000000
0.0232200000000000
0.00251980000000000
0.0348190000000000
0.0916900000000000
0.171100000000000
0.263060000000000
0.341940000000000
0.398030000000000
0.434940000000000
0.439840000000000
0.394020000000000
0.310270000000000
0.224780000000000
0.157140000000000
0.102360000000000
0.0532470000000000
0.00602900000000000
-0.0443770000000000
-0.0960790000000000
-0.133190000000000
-0.142860000000000
-0.132830000000000
-0.126400000000000
-0.141720000000000
-0.177680000000000
-0.217620000000000
-0.249290000000000
-0.276870000000000
-0.308160000000000
-0.339450000000000
-0.365840000000000
-0.397000000000000
-0.444780000000000
-0.501070000000000
-0.544730000000000
-0.565340000000000
-0.565670000000000
-0.546840000000000
-0.506690000000000
-0.448290000000000
-0.378330000000000
-0.301410000000000
-0.220760000000000
-0.140520000000000
-0.0642940000000000
0.00476430000000000
0.0680450000000000
0.133350000000000
0.202390000000000
0.259170000000000
0.286960000000000
0.291820000000000
0.288970000000000
0.269540000000000
0.210200000000000
0.117590000000000
0.0318170000000000
-0.0216180000000000
-0.0507830000000000
-0.0639720000000000
-0.0487450000000000
0.00354290000000000
0.0785370000000000
0.156270000000000
0.232200000000000
0.307740000000000
0.373540000000000
0.413140000000000
0.419470000000000
0.397740000000000
0.355150000000000
0.293700000000000
0.217190000000000
0.139740000000000
0.0810750000000000
0.0496190000000000
0.0326880000000000
0.00657010000000000
-0.0436310000000000
-0.112400000000000
-0.178970000000000
-0.221690000000000
-0.232790000000000
-0.221590000000000
-0.204100000000000
-0.188100000000000
-0.169460000000000
-0.143550000000000
-0.117880000000000
-0.110080000000000
-0.130290000000000
-0.168930000000000
-0.206120000000000
-0.232860000000000
-0.254520000000000
-0.270250000000000
-0.261660000000000
-0.214800000000000
-0.144020000000000
-0.0741400000000000
-0.00586680000000000
0.0767200000000000
0.164860000000000
0.223580000000000
0.237190000000000
0.226940000000000
0.209900000000000
0.171280000000000
0.0981420000000000
0.0136260000000000
-0.0464280000000000
-0.0732110000000000
-0.0778630000000000
-0.0660570000000000
-0.0404750000000000
-0.0161600000000000
-0.0103720000000000
-0.0221400000000000
-0.0346270000000000
-0.0320360000000000
-0.00647920000000000
0.0425480000000000
0.103270000000000
0.156150000000000
0.189620000000000
0.203570000000000
0.195860000000000
0.162170000000000
0.113100000000000
0.0714570000000000
0.0431990000000000
0.00605560000000000
-0.0553110000000000
-0.118150000000000
-0.142600000000000
-0.120240000000000
-0.0796460000000000
-0.0503320000000000
-0.0343440000000000
-0.0178320000000000
0.00544200000000000
0.0279960000000000
0.0433740000000000
0.0565630000000000
0.0775770000000000
0.106250000000000
0.127690000000000
0.124380000000000
0.0920710000000000
0.0446140000000000
0.00735710000000000
0.00372050000000000
0.0374870000000000
0.0845750000000000
0.112010000000000
0.108330000000000
0.0877650000000000
0.0654080000000000
0.0436500000000000
0.0245940000000000
0.0175180000000000
0.0263020000000000
0.0415970000000000
0.0525460000000000
0.0547710000000000
0.0454240000000000
0.0226280000000000
-0.00779780000000000
-0.0367380000000000
-0.0640990000000000
-0.0956340000000000
-0.129380000000000
-0.153650000000000
-0.158610000000000
-0.141430000000000
-0.104780000000000
-0.0562480000000000
-0.00844830000000000
0.0254610000000000
0.0368540000000000
0.0281900000000000
0.0176420000000000
0.0295850000000000
0.0728390000000000
0.132930000000000
0.188080000000000
0.222500000000000
0.224020000000000
0.187300000000000
0.125300000000000
0.0638660000000000
0.0204940000000000
0.00214620000000000
0.0169400000000000
0.0682160000000000
0.136750000000000
0.191580000000000
0.215700000000000
0.209380000000000
0.176010000000000
0.125460000000000
0.0792490000000000
0.0546540000000000
0.0458730000000000
0.0347760000000000
0.00965330000000000
-0.0324010000000000
-0.0887810000000000
-0.147180000000000
-0.190490000000000
-0.209610000000000
-0.203830000000000
-0.174040000000000
-0.128020000000000
-0.0857110000000000
-0.0626250000000000
-0.0546920000000000
-0.0506760000000000
-0.0509160000000000
-0.0589320000000000
-0.0696800000000000
-0.0776320000000000
-0.0860480000000000
-0.0963470000000000
-0.103040000000000
-0.103800000000000
-0.102170000000000
-0.0952490000000000
-0.0740510000000000
-0.0393920000000000
-0.00375190000000000
0.0254800000000000
0.0504140000000000
0.0686510000000000
0.0704120000000000
0.0543730000000000
0.0352410000000000
0.0290710000000000
0.0364350000000000
0.0427210000000000
0.0340570000000000
0.0109790000000000
-0.0132480000000000
-0.0261210000000000
-0.0239480000000000
-0.00718750000000000
0.0236380000000000
0.0637970000000000
0.102090000000000
0.127730000000000
0.135180000000000
0.120890000000000
0.0843100000000000
0.0345460000000000
-0.0132590000000000
-0.0534840000000000
-0.0929750000000000
-0.135380000000000
-0.171140000000000
-0.189120000000000
-0.189770000000000
-0.181400000000000
-0.168680000000000
-0.151040000000000
-0.129140000000000
-0.108940000000000
-0.0990820000000000
-0.103800000000000
-0.116850000000000
-0.123090000000000
-0.110960000000000
-0.0838840000000000
-0.0587540000000000
-0.0509810000000000
-0.0596940000000000
-0.0664390000000000
-0.0518090000000000
-0.0153030000000000
0.0254060000000000
0.0566360000000000
0.0838690000000000
0.118210000000000
0.155880000000000
0.180740000000000
0.184680000000000
0.177210000000000
0.175950000000000
0.192440000000000
0.223530000000000
0.253680000000000
0.266260000000000
0.258000000000000
0.238960000000000
0.220950000000000
0.207670000000000
0.197980000000000
0.189510000000000
0.180300000000000
0.169180000000000
0.157880000000000
0.149080000000000
0.144120000000000
0.141200000000000
0.132060000000000
0.104390000000000
0.0557220000000000
0.00311230000000000
-0.0335420000000000
-0.0530710000000000
-0.0664010000000000
-0.0733630000000000
-0.0644020000000000
-0.0440320000000000
-0.0326640000000000
-0.0419010000000000
-0.0644960000000000
-0.0920020000000000
-0.124130000000000
-0.157230000000000
-0.180100000000000
-0.187640000000000
-0.187260000000000
-0.188210000000000
-0.190460000000000
-0.186180000000000
-0.166700000000000
-0.129520000000000
-0.0829770000000000
-0.0449710000000000
-0.0312110000000000
-0.0443450000000000
-0.0744250000000000
-0.106960000000000
-0.129230000000000
-0.134220000000000
-0.120280000000000
-0.0868320000000000
-0.0360630000000000
0.0205050000000000
0.0641480000000000
0.0840170000000000
0.0847170000000000
0.0778120000000000
0.0711600000000000
0.0690500000000000
0.0727090000000000
0.0785050000000000
0.0818950000000000
0.0834750000000000
0.0815940000000000
0.0648130000000000
0.0258880000000000
-0.0184380000000000
-0.0390020000000000
-0.0247410000000000
0.00962860000000000
0.0441920000000000
0.0676870000000000
0.0763700000000000
0.0717520000000000
0.0623740000000000
0.0550620000000000
0.0472900000000000
0.0327510000000000
0.0135640000000000
-0.00233270000000000
-0.0112490000000000
-0.0162150000000000
-0.0220060000000000
-0.0304580000000000
-0.0405050000000000
-0.0494970000000000
-0.0565230000000000
-0.0621890000000000
-0.0667430000000000
-0.0691910000000000
-0.0703550000000000
-0.0730640000000000
-0.0786700000000000
-0.0862070000000000
-0.0942460000000000
-0.0994030000000000
-0.0962790000000000
-0.0849720000000000
-0.0727000000000000
-0.0620630000000000
-0.0446830000000000
-0.0183780000000000
-0.00120060000000000
-0.0134320000000000
-0.0461380000000000
-0.0660870000000000
-0.0536190000000000
-0.0226740000000000
0.00137040000000000
0.00895900000000000
0.00674700000000000
0.00256900000000000
-0.000113530000000000
-0.000135640000000000
0.00141440000000000
0.00109930000000000
-0.000639710000000000
0.00239900000000000
0.0129010000000000
0.0226810000000000
0.0226950000000000
0.0151380000000000
0.00786480000000000
0.000859590000000000
-0.0116670000000000
-0.0284520000000000
-0.0409060000000000
-0.0451540000000000
-0.0444720000000000
-0.0396520000000000
-0.0267700000000000
-0.00612150000000000
0.0163020000000000
0.0349190000000000
0.0465230000000000
0.0481690000000000
0.0413540000000000
0.0325240000000000
0.0254790000000000
0.0169500000000000
0.00697190000000000
0.00445890000000000
0.0151930000000000
0.0290300000000000
0.0309620000000000
0.0185540000000000
0.000726590000000000
-0.0171280000000000
-0.0358850000000000
-0.0548380000000000
-0.0706090000000000
-0.0834340000000000
-0.0953550000000000
-0.101290000000000
-0.0911550000000000
-0.0638000000000000
-0.0310170000000000
-0.00275800000000000
0.0226570000000000
0.0472230000000000
0.0606670000000000
0.0507770000000000
0.0206130000000000
-0.0145420000000000
-0.0440170000000000
-0.0653300000000000
-0.0751680000000000
-0.0675830000000000
-0.0418080000000000
-0.00700460000000000
0.0234390000000000
0.0409530000000000
0.0461840000000000
0.0443460000000000
0.0392340000000000
0.0352910000000000
0.0418350000000000
0.0650600000000000
0.0933880000000000
0.105530000000000
0.0983790000000000
0.0934970000000000
0.107110000000000
0.127470000000000
0.131680000000000
0.112670000000000
0.0788010000000000
0.0368880000000000
-0.0104210000000000
-0.0552250000000000
-0.0847110000000000
-0.0921460000000000
-0.0834080000000000
-0.0704360000000000
-0.0612930000000000
-0.0572700000000000
-0.0575090000000000
-0.0620840000000000
-0.0694550000000000
-0.0741310000000000
-0.0707790000000000
-0.0607670000000000
-0.0499520000000000
-0.0417350000000000
-0.0377220000000000
-0.0423100000000000
-0.0586520000000000
-0.0797910000000000
-0.0927550000000000
-0.0910440000000000
-0.0764440000000000
-0.0487030000000000
-0.00668050000000000
0.0407440000000000
0.0777490000000000
0.100250000000000
0.117040000000000
0.131710000000000
0.136270000000000
0.127510000000000
0.114770000000000
0.107220000000000
0.102660000000000
0.0936090000000000
0.0762180000000000
0.0516930000000000
0.0264250000000000
0.00946340000000000
0.00410450000000000
0.00424510000000000
0.00431550000000000
0.00700390000000000
0.0173580000000000
0.0337420000000000
0.0503070000000000
0.0650130000000000
0.0838580000000000
0.116220000000000
0.162070000000000
0.201990000000000
0.209090000000000
0.178040000000000
0.131840000000000
0.0939110000000000
0.0630370000000000
0.0260110000000000
-0.0169210000000000
-0.0525790000000000
-0.0758990000000000
-0.0952630000000000
-0.115500000000000
-0.127930000000000
-0.122600000000000
-0.102790000000000
-0.0810160000000000
-0.0651590000000000
-0.0572930000000000
-0.0619430000000000
-0.0838950000000000
-0.115930000000000
-0.141780000000000
-0.154210000000000
-0.160320000000000
-0.166030000000000
-0.168600000000000
-0.167060000000000
-0.166680000000000
-0.168350000000000
-0.164230000000000
-0.147430000000000
-0.116920000000000
-0.0747930000000000
-0.0300580000000000
-0.00291990000000000
-0.00809790000000000
-0.0320540000000000
-0.0421320000000000
-0.0222040000000000
0.0122480000000000
0.0371190000000000
0.0453470000000000
0.0456460000000000
0.0449490000000000
0.0400610000000000
0.0255930000000000
0.00691670000000000
-0.000915270000000000
0.0106530000000000
0.0327020000000000
0.0495820000000000
0.0552470000000000
0.0531150000000000
0.0469320000000000
0.0427700000000000
0.0542200000000000
0.0882200000000000
0.129280000000000
0.151070000000000
0.145560000000000
0.125230000000000
0.0997710000000000
0.0658620000000000
0.0255820000000000
-0.00278920000000000
-0.00119950000000000
0.0286270000000000
0.0712530000000000
0.116820000000000
0.162760000000000
0.199240000000000
0.207000000000000
0.179050000000000
0.134300000000000
0.100040000000000
0.0830720000000000
0.0715640000000000
0.0579600000000000
0.0449950000000000
0.0316460000000000
0.0122710000000000
-0.0117720000000000
-0.0347630000000000
-0.0614060000000000
-0.100620000000000
-0.144980000000000
-0.174560000000000
-0.184760000000000
-0.187760000000000
-0.187750000000000
-0.174670000000000
-0.146910000000000
-0.119500000000000
-0.106890000000000
-0.110160000000000
-0.123470000000000
-0.136870000000000
-0.135970000000000
-0.115090000000000
-0.0899620000000000
-0.0793780000000000
-0.0806920000000000
-0.0796350000000000
-0.0770880000000000
-0.0824470000000000
-0.0874380000000000
-0.0714500000000000
-0.0312410000000000
0.0167190000000000
0.0581550000000000
0.0830580000000000
0.0759330000000000
0.0318570000000000
-0.0225700000000000
-0.0519930000000000
-0.0531930000000000
-0.0497080000000000
-0.0517410000000000
-0.0481150000000000
-0.0347090000000000
-0.0227600000000000
-0.0175220000000000
-0.0102950000000000
0.00548290000000000
0.0280150000000000
0.0554220000000000
0.0861620000000000
0.109990000000000
0.112950000000000
0.0940160000000000
0.0709660000000000
0.0650090000000000
0.0823910000000000
0.109870000000000
0.127890000000000
0.128780000000000
0.120300000000000
0.112020000000000
0.103330000000000
0.0912020000000000
0.0808400000000000
0.0821040000000000
0.0940200000000000
0.102350000000000
0.0949560000000000
0.0757500000000000
0.0580120000000000
0.0467230000000000
0.0355730000000000
0.0199400000000000
0.00549570000000000
-0.000560860000000000
0.00235000000000000
0.0120430000000000
0.0297520000000000
0.0561040000000000
0.0856950000000000
0.109700000000000
0.120220000000000
0.112210000000000
0.0859880000000000
0.0507470000000000
0.0194910000000000
0.00108940000000000
-0.00262260000000000
0.00716000000000000
0.0280980000000000
0.0577320000000000
0.0906620000000000
0.114710000000000
0.113690000000000
0.0833770000000000
0.0407640000000000
0.00882600000000000
-0.00683610000000000
-0.0168490000000000
-0.0269450000000000
-0.0331850000000000
-0.0362240000000000
-0.0462480000000000
-0.0673250000000000
-0.0902980000000000
-0.105500000000000
-0.114990000000000
-0.122630000000000
-0.120900000000000
-0.0991940000000000
-0.0630310000000000
-0.0325950000000000
-0.0202290000000000
-0.0194060000000000
-0.0185080000000000
-0.0180060000000000
-0.0265700000000000
-0.0456380000000000
-0.0627690000000000
-0.0629490000000000
-0.0430960000000000
-0.0154820000000000
0.00677630000000000
0.0230900000000000
0.0403520000000000
0.0564910000000000
0.0615230000000000
0.0535750000000000
0.0423140000000000
0.0366270000000000
0.0396570000000000
0.0526090000000000
0.0697000000000000
0.0744700000000000
0.0563400000000000
0.0275340000000000
0.00851030000000000
0.00170310000000000
-0.00367360000000000
-0.00848810000000000
-0.00454420000000000
0.00729540000000000
0.0163100000000000
0.0178060000000000
0.0145800000000000
0.00796840000000000
-0.00369230000000000
-0.0161290000000000
-0.0217330000000000
-0.0193510000000000
-0.0157390000000000
-0.0167330000000000
-0.0220700000000000
-0.0284450000000000
-0.0341540000000000
-0.0409470000000000
-0.0499250000000000
-0.0584250000000000
-0.0616370000000000
-0.0566610000000000
-0.0442040000000000
-0.0271070000000000
-0.00847780000000000
0.00907750000000000
0.0221000000000000
0.0272670000000000
0.0231880000000000
0.0116030000000000
-0.00445140000000000
-0.0209410000000000
-0.0311820000000000
-0.0289670000000000
-0.0189150000000000
-0.0173750000000000
-0.0346870000000000
-0.0597390000000000
-0.0705270000000000
-0.0580360000000000
-0.0317530000000000
-0.00331040000000000
0.0242450000000000
0.0496280000000000
0.0646590000000000
0.0589820000000000
0.0314390000000000
-0.00580460000000000
-0.0356990000000000
-0.0483220000000000
-0.0451460000000000
-0.0325370000000000
-0.0152680000000000
0.00292730000000000
0.0168020000000000
0.0243480000000000
0.0281480000000000
0.0277780000000000
0.0146760000000000
-0.0141370000000000
-0.0464750000000000
-0.0688760000000000
-0.0849620000000000
-0.103360000000000
-0.117660000000000
-0.114920000000000
-0.0994870000000000
-0.0882060000000000
-0.0865440000000000
-0.0858710000000000
-0.0801200000000000
-0.0678050000000000
-0.0438200000000000
-0.00642310000000000
0.0324920000000000
0.0581570000000000
0.0675630000000000
0.0632390000000000
0.0448700000000000
0.0173210000000000
-0.00577340000000000
-0.0161690000000000
-0.0181950000000000
-0.0166340000000000
-0.0108140000000000
-0.00295340000000000
0.000919100000000000
0.00314980000000000
0.0123170000000000
0.0286100000000000
0.0433370000000000
0.0527550000000000
0.0589860000000000
0.0597610000000000
0.0495150000000000
0.0304160000000000
0.0120050000000000
5.79600000000000e-05
-0.00763850000000000
-0.0147220000000000
-0.0226920000000000
-0.0309580000000000
-0.0377540000000000
-0.0418890000000000
-0.0456680000000000
-0.0513860000000000
-0.0568380000000000
-0.0578280000000000
-0.0527100000000000
-0.0419860000000000
-0.0269790000000000
-0.0107880000000000
0.00377840000000000
0.0190300000000000
0.0395340000000000
0.0615990000000000
0.0704110000000000
0.0544840000000000
0.0179450000000000
-0.0232290000000000
-0.0546060000000000
-0.0695850000000000
-0.0694900000000000
-0.0584500000000000
-0.0400220000000000
-0.0174750000000000
0.00271430000000000
0.0145100000000000
0.0190160000000000
0.0241890000000000
0.0343720000000000
0.0452030000000000
0.0490390000000000
0.0435210000000000
0.0321150000000000
0.0183100000000000
-0.000468030000000000
-0.0293960000000000
-0.0651060000000000
-0.0933030000000000
-0.102830000000000
-0.0984250000000000
-0.0925700000000000
-0.0902640000000000
-0.0884460000000000
-0.0845930000000000
-0.0760870000000000
-0.0571050000000000
-0.0259790000000000
0.00935430000000000
0.0397400000000000
0.0627700000000000
0.0758230000000000
0.0721590000000000
0.0508430000000000
0.0235240000000000
0.00235920000000000
-0.0102580000000000
-0.0166630000000000
-0.0158150000000000
-0.00889700000000000
-0.00388660000000000
-0.00680910000000000
-0.0110890000000000
-0.00432680000000000
0.0155120000000000
0.0375270000000000
0.0519310000000000
0.0618100000000000
0.0758480000000000
0.0949570000000000
0.111450000000000
0.120900000000000
0.125790000000000
0.126340000000000
0.114160000000000
0.0809190000000000
0.0297520000000000
-0.0254630000000000
-0.0708730000000000
-0.0995250000000000
-0.110910000000000
-0.105490000000000
-0.0813200000000000
-0.0386350000000000
0.0118480000000000
0.0524830000000000
0.0751840000000000
0.0871460000000000
0.0958000000000000
0.0952330000000000
0.0779180000000000
0.0518690000000000
0.0335210000000000
0.0260800000000000
0.0190700000000000
0.00682170000000000
-0.00470460000000000
-0.00927740000000000
-0.00731390000000000
-0.00163130000000000
0.00526140000000000
0.00845200000000000
0.00346730000000000
-0.00715480000000000
-0.0160770000000000
-0.0201210000000000
-0.0204950000000000
-0.0155500000000000
-0.00179420000000000
0.0176490000000000
0.0328460000000000
0.0368600000000000
0.0315050000000000
0.0223330000000000
0.0128810000000000
0.00312420000000000
-0.00777160000000000
-0.0201930000000000
-0.0338080000000000
-0.0489760000000000
-0.0646440000000000
-0.0757300000000000
-0.0752920000000000
-0.0637010000000000
-0.0512310000000000
-0.0465680000000000
-0.0480500000000000
-0.0516930000000000
-0.0610390000000000
-0.0789600000000000
-0.0970710000000000
-0.101650000000000
-0.0889340000000000
-0.0661050000000000
-0.0411240000000000
-0.0169870000000000
0.00567890000000000
0.0273160000000000
0.0493940000000000
0.0723890000000000
0.0934630000000000
0.108190000000000
0.113790000000000
0.111140000000000
0.102870000000000
0.0908060000000000
0.0760790000000000
0.0626660000000000
0.0566800000000000
0.0605180000000000
0.0694350000000000
0.0766490000000000
0.0800870000000000
0.0822060000000000
0.0854220000000000
0.0896390000000000
0.0920680000000000
0.0887550000000000
0.0782570000000000
0.0636010000000000
0.0498880000000000
0.0398860000000000
0.0328950000000000
0.0242970000000000
0.00892350000000000
-0.0126770000000000
-0.0293730000000000
-0.0303700000000000
-0.0203450000000000
-0.0155380000000000
-0.0220360000000000
-0.0298870000000000
-0.0336270000000000
-0.0434840000000000
-0.0675300000000000
-0.0947620000000000
-0.109640000000000
-0.112160000000000
-0.111000000000000
-0.106990000000000
-0.0969120000000000
-0.0848750000000000
-0.0774220000000000
-0.0739140000000000
-0.0719800000000000
-0.0749530000000000
-0.0876170000000000
-0.108060000000000
-0.128680000000000
-0.139880000000000
-0.135050000000000
-0.117350000000000
-0.0989460000000000
-0.0858630000000000
-0.0713850000000000
-0.0520920000000000
-0.0376080000000000
-0.0343400000000000
-0.0329860000000000
-0.0235510000000000
-0.00925740000000000
0.00424350000000000
0.0198770000000000
0.0374230000000000
0.0468840000000000
0.0456520000000000
0.0482260000000000
0.0636770000000000
0.0803570000000000
0.0858740000000000
0.0882030000000000
0.0996170000000000
0.113110000000000
0.113030000000000
0.101300000000000
0.0934060000000000
0.0927050000000000
0.0868820000000000
0.0703050000000000
0.0534860000000000
0.0473790000000000
0.0483820000000000
0.0450730000000000
0.0332150000000000
0.0214360000000000
0.0230060000000000
0.0424290000000000
0.0692180000000000
0.0867370000000000
0.0869670000000000
0.0751850000000000
0.0602990000000000
0.0477120000000000
0.0413860000000000
0.0456420000000000
0.0579950000000000
0.0686170000000000
0.0700290000000000
0.0643870000000000
0.0563410000000000
0.0454660000000000
0.0304110000000000
0.0160740000000000
0.00879900000000000
0.00708390000000000
0.00440390000000000
-0.00217510000000000
-0.0117810000000000
-0.0249960000000000
-0.0405820000000000
-0.0513640000000000
-0.0508250000000000
-0.0435900000000000
-0.0420520000000000
-0.0511250000000000
-0.0625460000000000
-0.0666610000000000
-0.0640010000000000
-0.0594070000000000
-0.0515670000000000
-0.0359410000000000
-0.0164700000000000
-0.00659380000000000
-0.0156170000000000
-0.0395580000000000
-0.0664160000000000
-0.0863410000000000
-0.0940320000000000
-0.0899930000000000
-0.0806640000000000
-0.0743340000000000
-0.0735650000000000
-0.0764310000000000
-0.0812120000000000
-0.0860430000000000
-0.0846050000000000
-0.0716610000000000
-0.0509580000000000
-0.0317390000000000
-0.0180580000000000
-0.00843590000000000
-0.00409860000000000
-0.00845490000000000
-0.0183770000000000
-0.0227440000000000
-0.0141090000000000
0.00310790000000000
0.0178650000000000
0.0236960000000000
0.0223990000000000
0.0199760000000000
0.0233130000000000
0.0371170000000000
0.0605590000000000
0.0855180000000000
0.103550000000000
0.112420000000000
0.115960000000000
0.115130000000000
0.107900000000000
0.0966030000000000
0.0899750000000000
0.0919040000000000
0.0959480000000000
0.0939500000000000
0.0867810000000000
0.0811330000000000
0.0794460000000000
0.0793160000000000
0.0805990000000000
0.0864100000000000
0.0966340000000000
0.106680000000000
0.111360000000000
0.107800000000000
0.0946570000000000
0.0733480000000000
0.0485840000000000
0.0251360000000000
0.00381890000000000
-0.0170380000000000
-0.0367010000000000
-0.0510640000000000
-0.0556910000000000
-0.0489500000000000
-0.0347450000000000
-0.0214390000000000
-0.0172520000000000
-0.0247750000000000
-0.0416540000000000
-0.0636420000000000
-0.0862640000000000
-0.103720000000000
-0.110020000000000
-0.104530000000000
-0.0942670000000000
-0.0893680000000000
-0.0933990000000000
-0.101530000000000
-0.105840000000000
-0.102000000000000
-0.0897350000000000
-0.0725660000000000
-0.0583990000000000
-0.0544210000000000
-0.0590170000000000
-0.0628030000000000
-0.0625080000000000
-0.0637870000000000
-0.0689890000000000
-0.0699040000000000
-0.0597920000000000
-0.0429200000000000
-0.0270180000000000
-0.0134460000000000
-0.000118890000000000
0.0127290000000000
0.0243690000000000
0.0355630000000000
0.0453580000000000
0.0502370000000000
0.0483400000000000
0.0414440000000000
0.0332600000000000
0.0281950000000000
0.0290310000000000
0.0323000000000000
0.0322930000000000
0.0293330000000000
0.0280110000000000
0.0268550000000000
0.0209200000000000
0.0137260000000000
0.0147010000000000
0.0222130000000000
0.0233070000000000
0.0131840000000000
0.00208860000000000
-0.000170990000000000
0.00619430000000000
0.0166420000000000
0.0265140000000000
0.0302820000000000
0.0272560000000000
0.0242370000000000
0.0248220000000000
0.0217220000000000
0.00812570000000000
-0.0123950000000000
-0.0349180000000000
-0.0613360000000000
-0.0880830000000000
-0.100800000000000
-0.0936610000000000
-0.0819430000000000
-0.0814540000000000
-0.0894600000000000
-0.0945720000000000
-0.0940250000000000
-0.0906900000000000
-0.0859150000000000
-0.0827730000000000
-0.0864510000000000
-0.0926100000000000
-0.0881620000000000
-0.0697010000000000
-0.0507770000000000
-0.0437390000000000
-0.0453840000000000
-0.0449880000000000
-0.0393340000000000
-0.0328490000000000
-0.0289010000000000
-0.0244560000000000
-0.0140930000000000
0.00417050000000000
0.0270100000000000
0.0512340000000000
0.0761360000000000
0.0995280000000000
0.116460000000000
0.126270000000000
0.135140000000000
0.146180000000000
0.153530000000000
0.151870000000000
0.144400000000000
0.134000000000000
0.118640000000000
0.100740000000000
0.0898610000000000
0.0878980000000000
0.0849750000000000
0.0735130000000000
0.0584560000000000
0.0465430000000000
0.0380610000000000
0.0315050000000000
0.0285450000000000
0.0275470000000000
0.0244150000000000
0.0186750000000000
0.0123200000000000
0.00285990000000000
-0.0119840000000000
-0.0286550000000000
-0.0427940000000000
-0.0563490000000000
-0.0718480000000000
-0.0853710000000000
-0.0922590000000000
-0.0948900000000000
-0.0977590000000000
-0.100390000000000
-0.102170000000000
-0.105990000000000
-0.111620000000000
-0.111020000000000
-0.0979370000000000
-0.0768410000000000
-0.0579240000000000
-0.0446390000000000
-0.0326580000000000
-0.0199380000000000
-0.0129120000000000
-0.0195560000000000
-0.0388470000000000
-0.0593630000000000
-0.0698930000000000
-0.0689120000000000
-0.0619190000000000
-0.0516610000000000
-0.0363820000000000
-0.0168550000000000
0.00175120000000000
0.0165730000000000
0.0304540000000000
0.0461330000000000
0.0622380000000000
0.0766240000000000
0.0890680000000000
0.0986960000000000
0.103740000000000
0.104190000000000
0.100630000000000
0.0922830000000000
0.0812260000000000
0.0734310000000000
0.0696130000000000
0.0606560000000000
0.0417330000000000
0.0232380000000000
0.0172130000000000
0.0191170000000000
0.0163200000000000
0.00625350000000000
-0.00415760000000000
-0.0109720000000000
-0.0126240000000000
-0.00629010000000000
0.00560480000000000
0.0123710000000000
0.00775810000000000
-0.00317700000000000
-0.0153340000000000
-0.0301320000000000
-0.0471080000000000
-0.0605090000000000
-0.0683230000000000
-0.0740150000000000
-0.0761910000000000
-0.0684870000000000
-0.0511800000000000
-0.0337400000000000
-0.0229720000000000
-0.0180890000000000
-0.0165490000000000
-0.0174950000000000
-0.0209360000000000
-0.0284410000000000
-0.0413480000000000
-0.0539450000000000
-0.0545160000000000
-0.0376230000000000
-0.0111160000000000
0.0121910000000000
0.0263310000000000
0.0328600000000000
0.0348820000000000
0.0342820000000000
0.0327740000000000
0.0328670000000000
0.0369560000000000
0.0457820000000000
0.0562550000000000
0.0636620000000000
0.0648170000000000
0.0602370000000000
0.0517430000000000
0.0422120000000000
0.0352390000000000
0.0333790000000000
0.0345060000000000
0.0358010000000000
0.0391700000000000
0.0479420000000000
0.0587410000000000
0.0637730000000000
0.0607910000000000
0.0533940000000000
0.0432890000000000
0.0307930000000000
0.0218500000000000
0.0215680000000000
0.0223400000000000
0.0122740000000000
-0.00528300000000000
-0.0144940000000000
-0.00928340000000000
0.00122690000000000
0.00766370000000000
0.00986720000000000
0.0116140000000000
0.0162460000000000
0.0239200000000000
0.0283630000000000
0.0207100000000000
0.000419410000000000
-0.0246840000000000
-0.0493450000000000
-0.0712400000000000
-0.0843290000000000
-0.0846940000000000
-0.0813890000000000
-0.0849050000000000
-0.0901160000000000
-0.0857710000000000
-0.0748870000000000
-0.0681310000000000
-0.0637190000000000
-0.0506700000000000
-0.0276470000000000
-0.00472000000000000
0.00958800000000000
0.0135530000000000
0.00807480000000000
-0.00361620000000000
-0.0153260000000000
-0.0218800000000000
-0.0213850000000000
-0.0130130000000000
0.00288740000000000
0.0216490000000000
0.0367750000000000
0.0455910000000000
0.0493330000000000
0.0495950000000000
0.0479480000000000
0.0472200000000000
0.0499530000000000
0.0562720000000000
0.0631710000000000
0.0660180000000000
0.0619210000000000
0.0510480000000000
0.0355840000000000
0.0177610000000000
-0.000826190000000000
-0.0207840000000000
-0.0434880000000000
-0.0658820000000000
-0.0784320000000000
-0.0749920000000000
-0.0622840000000000
-0.0520190000000000
-0.0483080000000000
-0.0498490000000000
-0.0590970000000000
-0.0760690000000000
-0.0905680000000000
-0.0908030000000000
-0.0776310000000000
-0.0597520000000000
-0.0432580000000000
-0.0330750000000000
-0.0352190000000000
-0.0480800000000000
-0.0603360000000000
-0.0640750000000000
-0.0605010000000000
-0.0505480000000000
-0.0316670000000000
-0.00733330000000000
0.0133520000000000
0.0263480000000000
0.0341450000000000
0.0376680000000000
0.0377100000000000
0.0392690000000000
0.0447960000000000
0.0484720000000000
0.0463900000000000
0.0457820000000000
0.0534780000000000
0.0640340000000000
0.0676700000000000
0.0662170000000000
0.0687660000000000
0.0780200000000000
0.0875800000000000
0.0927060000000000
0.0943410000000000
0.0971700000000000
0.104520000000000
0.116570000000000
0.129580000000000
0.138640000000000
0.137950000000000
0.124100000000000
0.0994850000000000
0.0734560000000000
0.0537520000000000
0.0392830000000000
0.0237330000000000
0.00781830000000000
-0.00136250000000000
-0.00315800000000000
-0.00684700000000000
-0.0185020000000000
-0.0327970000000000
-0.0419700000000000
-0.0455930000000000
-0.0469350000000000
-0.0454480000000000
-0.0394720000000000
-0.0322680000000000
-0.0301900000000000
-0.0362720000000000
-0.0475660000000000
-0.0587000000000000
-0.0671710000000000
-0.0751990000000000
-0.0846880000000000
-0.0919290000000000
-0.0903010000000000
-0.0795110000000000
-0.0680580000000000
-0.0634260000000000
-0.0631190000000000
-0.0592890000000000
-0.0503930000000000
-0.0435850000000000
-0.0442890000000000
-0.0483400000000000
-0.0475040000000000
-0.0406730000000000
-0.0333780000000000
-0.0276120000000000
-0.0186950000000000
-0.00450100000000000
0.00880740000000000
0.0144220000000000
0.0139070000000000
0.0152960000000000
0.0240730000000000
0.0385090000000000
0.0520560000000000
0.0590360000000000
0.0589260000000000
0.0553210000000000
0.0505060000000000
0.0429250000000000
0.0310180000000000
0.0178070000000000
0.0103990000000000
0.0148570000000000
0.0296860000000000
0.0453310000000000
0.0526760000000000
0.0527670000000000
0.0533850000000000
0.0563120000000000
0.0539010000000000
0.0413730000000000
0.0245740000000000
0.0117470000000000
0.00275040000000000
-0.00671370000000000
-0.0165460000000000
-0.0222990000000000
-0.0228110000000000
-0.0205000000000000
-0.0182290000000000
-0.0169770000000000
-0.0175400000000000
-0.0202450000000000
-0.0250330000000000
-0.0315990000000000
-0.0414060000000000
-0.0567330000000000
-0.0762400000000000
-0.0926160000000000
-0.0989450000000000
-0.0967560000000000
-0.0939970000000000
-0.0934300000000000
-0.0890740000000000
-0.0769120000000000
-0.0631300000000000
-0.0552240000000000
-0.0522620000000000
-0.0494320000000000
-0.0463190000000000
-0.0435750000000000
-0.0383150000000000
-0.0281790000000000
-0.0169420000000000
-0.00877940000000000
-0.00124270000000000
0.0103740000000000
0.0228780000000000
0.0276850000000000
0.0232250000000000
0.0182500000000000
0.0203610000000000
0.0257230000000000
0.0261990000000000
0.0232190000000000
0.0264550000000000
0.0393630000000000
0.0541620000000000
0.0642550000000000
0.0720920000000000
0.0821460000000000
0.0926110000000000
0.0999500000000000
0.103700000000000
0.102850000000000
0.0956110000000000
0.0854300000000000
0.0804130000000000
0.0821840000000000
0.0836320000000000
0.0794360000000000
0.0728820000000000
0.0682890000000000
0.0642820000000000
0.0587230000000000
0.0540080000000000
0.0535060000000000
0.0557630000000000
0.0572210000000000
0.0560420000000000
0.0524930000000000
0.0466200000000000
0.0384310000000000
0.0270800000000000
0.0120380000000000
-0.00463610000000000
-0.0192760000000000
-0.0312620000000000
-0.0420810000000000
-0.0490820000000000
-0.0461460000000000
-0.0339090000000000
-0.0224290000000000
-0.0181440000000000
-0.0155160000000000
-0.00859350000000000
-0.00350710000000000
-0.0105380000000000
-0.0290060000000000
-0.0473860000000000
-0.0574610000000000
-0.0621530000000000
-0.0686200000000000
-0.0772420000000000
-0.0814450000000000
-0.0769850000000000
-0.0681580000000000
-0.0622920000000000
-0.0613280000000000
-0.0619290000000000
-0.0619820000000000
-0.0619310000000000
-0.0619010000000000
-0.0615600000000000
-0.0617980000000000
-0.0629450000000000
-0.0615720000000000
-0.0523680000000000
-0.0352440000000000
-0.0187820000000000
-0.0143830000000000
-0.0244840000000000
-0.0391940000000000
-0.0465360000000000
-0.0471100000000000
-0.0502050000000000
-0.0581940000000000
-0.0620760000000000
-0.0556970000000000
-0.0431600000000000
-0.0310760000000000
-0.0207620000000000
-0.0111430000000000
-0.00188250000000000
0.00900510000000000
0.0242380000000000
0.0408420000000000
0.0517820000000000
0.0562750000000000
0.0612380000000000
0.0689870000000000
0.0727140000000000
0.0663670000000000
0.0533010000000000
0.0416200000000000
0.0362650000000000
0.0375930000000000
0.0431200000000000
0.0495460000000000
0.0553270000000000
0.0624390000000000
0.0704120000000000
0.0733680000000000
0.0670050000000000
0.0567120000000000
0.0514200000000000
0.0526190000000000
0.0549270000000000
0.0541640000000000
0.0494860000000000
0.0400600000000000
0.0260170000000000
0.00997670000000000
-0.00501920000000000
-0.0172310000000000
-0.0250360000000000
-0.0280970000000000
-0.0297320000000000
-0.0326640000000000
-0.0337230000000000
-0.0285640000000000
-0.0212730000000000
-0.0202850000000000
-0.0249780000000000
-0.0258960000000000
-0.0202000000000000
-0.0175310000000000
-0.0267730000000000
-0.0455930000000000
-0.0654140000000000
-0.0808760000000000
-0.0904230000000000
-0.0932550000000000
-0.0886990000000000
-0.0770390000000000
-0.0616650000000000
-0.0486360000000000
-0.0421090000000000
-0.0377300000000000
-0.0280790000000000
-0.0141580000000000
-0.00681920000000000
-0.0119550000000000
-0.0227780000000000
-0.0309940000000000
-0.0368950000000000
-0.0434830000000000
-0.0472620000000000
-0.0427080000000000
-0.0308370000000000
-0.0190670000000000
-0.0135820000000000
-0.0140780000000000
-0.0162670000000000
-0.0178960000000000
-0.0215960000000000
-0.0300170000000000
-0.0405490000000000
-0.0472830000000000
-0.0470260000000000
-0.0407300000000000
-0.0307770000000000
-0.0200880000000000
-0.0126390000000000
-0.0118910000000000
-0.0191950000000000
-0.0322010000000000
-0.0450270000000000
-0.0515760000000000
-0.0514480000000000
-0.0476480000000000
-0.0385260000000000
-0.0187500000000000
0.00750260000000000
0.0249530000000000
0.0257560000000000
0.0192600000000000
0.0163480000000000
0.0157510000000000
0.0141290000000000
0.0167650000000000
0.0282090000000000
0.0433900000000000
0.0557380000000000
0.0654220000000000
0.0713460000000000
0.0675200000000000
0.0533510000000000
0.0386220000000000
0.0303990000000000
0.0260370000000000
0.0239920000000000
0.0305640000000000
0.0478880000000000
0.0655690000000000
0.0719860000000000
0.0675610000000000
0.0599940000000000
0.0534970000000000
0.0476200000000000
0.0433830000000000
0.0437300000000000
0.0501940000000000
0.0592410000000000
0.0639130000000000
0.0583590000000000
0.0446850000000000
0.0318900000000000
0.0276970000000000
0.0310130000000000
0.0359250000000000
0.0386190000000000
0.0383630000000000
0.0349640000000000
0.0298640000000000
0.0267820000000000
0.0278680000000000
0.0304220000000000
0.0307920000000000
0.0282230000000000
0.0229080000000000
0.0126040000000000
-0.00219550000000000
-0.0153650000000000
-0.0214770000000000
-0.0236860000000000
-0.0288040000000000
-0.0372950000000000
-0.0430380000000000
-0.0423350000000000
-0.0385360000000000
-0.0355480000000000
-0.0325600000000000
-0.0274010000000000
-0.0207440000000000
-0.0147120000000000
-0.00844340000000000
-0.000367170000000000
0.00838690000000000
0.0124620000000000
0.00895280000000000
0.000882310000000000
-0.00641410000000000
-0.0117370000000000
-0.0154130000000000
-0.0136020000000000
-0.000747540000000000
0.0216450000000000
0.0436730000000000
0.0555110000000000
0.0555310000000000
0.0478530000000000
0.0367770000000000
0.0249690000000000
0.0147040000000000
0.00739540000000000
0.00313170000000000
0.00200480000000000
0.00397720000000000
0.00808800000000000
0.0112840000000000
0.0112730000000000
0.00946810000000000
0.00950000000000000
0.0111210000000000
0.0108350000000000
0.00920150000000000
0.00996460000000000
0.0106910000000000
0.00363620000000000
-0.00955670000000000
-0.0164120000000000
-0.0123830000000000
-0.00950830000000000
-0.0171950000000000
-0.0286700000000000
-0.0355200000000000
-0.0404790000000000
-0.0461740000000000
-0.0473040000000000
-0.0420740000000000
-0.0365770000000000
-0.0322440000000000
-0.0235820000000000
-0.0118720000000000
-0.00574290000000000
-0.00531520000000000
-0.00174070000000000
0.00670660000000000
0.0130400000000000
0.0161030000000000
0.0205350000000000
0.0246870000000000
0.0221490000000000
0.0139510000000000
0.00769430000000000
0.00787610000000000
0.0139710000000000
0.0220610000000000
0.0245350000000000
0.0175240000000000
0.00975160000000000
0.0128470000000000
0.0234560000000000
0.0273220000000000
0.0208880000000000
0.0130970000000000
0.00823880000000000
0.00154620000000000
-0.00511760000000000
-0.00317220000000000
0.00702390000000000
0.0145160000000000
0.0148510000000000
0.0136860000000000
0.0127860000000000
0.00724310000000000
-0.00229440000000000
-0.00697440000000000
-0.00453060000000000
-0.00328960000000000
-0.00912510000000000
-0.0161350000000000
-0.0162140000000000
-0.00892900000000000
0.00123210000000000
0.0115700000000000
0.0207640000000000
0.0270430000000000
0.0295890000000000
0.0289140000000000
0.0259410000000000
0.0216030000000000
0.0169920000000000
0.0117800000000000
0.00498060000000000
-0.00217160000000000
-0.00571780000000000
-0.00570540000000000
-0.00692500000000000
-0.0108840000000000
-0.0116740000000000
-0.00651510000000000
-0.00284370000000000
-0.00994990000000000
-0.0267550000000000
-0.0453760000000000
-0.0625810000000000
-0.0793020000000000
-0.0915690000000000
-0.0921840000000000
-0.0815980000000000
-0.0680760000000000
-0.0578720000000000
-0.0513620000000000
-0.0481800000000000
-0.0484620000000000
-0.0490540000000000
-0.0455060000000000
-0.0377790000000000
-0.0293900000000000
-0.0205260000000000
-0.00940380000000000
0.00204350000000000
0.00895180000000000
0.0100400000000000
0.00763180000000000
0.00246020000000000
-0.00567210000000000
-0.0129050000000000
-0.0125050000000000
-0.00306750000000000
0.00920010000000000
0.0186150000000000
0.0260440000000000
0.0347840000000000
0.0446220000000000
0.0535920000000000
0.0620920000000000
0.0710510000000000
0.0786940000000000
0.0812170000000000
0.0770640000000000
0.0666870000000000
0.0516030000000000
0.0357770000000000
0.0255140000000000
0.0227490000000000
0.0218160000000000
0.0176650000000000
0.0139820000000000
0.0170140000000000
0.0237280000000000
0.0243830000000000
0.0160550000000000
0.00583120000000000
-0.00100760000000000
-0.00686760000000000
-0.0143100000000000
-0.0196690000000000
-0.0193700000000000
-0.0160800000000000
-0.0145650000000000
-0.0166360000000000
-0.0227960000000000
-0.0343040000000000
-0.0488500000000000
-0.0611000000000000
-0.0675200000000000
-0.0682200000000000
-0.0622740000000000
-0.0494170000000000
-0.0346120000000000
-0.0265340000000000
-0.0280400000000000
-0.0335960000000000
-0.0360100000000000
-0.0331750000000000
-0.0273650000000000
-0.0223450000000000
-0.0200120000000000
-0.0178560000000000
-0.0115650000000000
-0.00261250000000000
0.000581240000000000
-0.00683050000000000
-0.0183930000000000
-0.0231030000000000
-0.0180110000000000
-0.00838100000000000
0.00127730000000000
0.0108860000000000
0.0203490000000000
0.0278410000000000
0.0327250000000000
0.0361920000000000
0.0388730000000000
0.0403700000000000
0.0396630000000000
0.0356230000000000
0.0287820000000000
0.0234660000000000
0.0225310000000000
0.0226880000000000
0.0193650000000000
0.0147750000000000
0.0119270000000000
0.00625640000000000
-0.00717690000000000
-0.0200340000000000
-0.0199670000000000
-0.00983010000000000
-0.00410980000000000
-0.00642800000000000
-0.00766160000000000
-0.00533880000000000
-0.00921430000000000
-0.0253440000000000
-0.0462180000000000
-0.0612900000000000
-0.0657480000000000
-0.0608160000000000
-0.0517940000000000
-0.0471150000000000
-0.0492500000000000
-0.0515560000000000
-0.0480320000000000
-0.0421850000000000
-0.0382370000000000
-0.0325200000000000
-0.0213350000000000
-0.0114220000000000
-0.0107720000000000
-0.0156880000000000
-0.0163300000000000
-0.0103670000000000
-0.00160230000000000
0.00810680000000000
0.0184890000000000
0.0273520000000000
0.0333000000000000
0.0367060000000000
0.0373300000000000
0.0351610000000000
0.0354350000000000
0.0433310000000000
0.0539780000000000
0.0567090000000000
0.0517270000000000
0.0503430000000000
0.0574480000000000
0.0650650000000000
0.0661940000000000
0.0647330000000000
0.0656750000000000
0.0645020000000000
0.0531380000000000
0.0334410000000000
0.0160610000000000
0.00819350000000000
0.00718570000000000
0.00756230000000000
0.00770620000000000
0.00844780000000000
0.00832380000000000
0.00489520000000000
-0.00152830000000000
-0.00718150000000000
-0.00847160000000000
-0.00500340000000000
-0.000674090000000000
-0.00141140000000000
-0.00896730000000000
-0.0182330000000000
-0.0235360000000000
-0.0260530000000000
-0.0309760000000000
-0.0393580000000000
-0.0473190000000000
-0.0509160000000000
-0.0495020000000000
-0.0437740000000000
-0.0355330000000000
-0.0276680000000000
-0.0227340000000000
-0.0212550000000000
-0.0234060000000000
-0.0294430000000000
-0.0356920000000000
-0.0344430000000000
-0.0230330000000000
-0.00874180000000000
-0.000433370000000000
0.00186520000000000
0.00237140000000000
0.000571900000000000
-0.00756680000000000
-0.0198270000000000
-0.0284000000000000
-0.0288390000000000
-0.0229680000000000
-0.0134930000000000
-0.00257600000000000
0.00553820000000000
0.00598740000000000
-0.00174650000000000
-0.0140430000000000
-0.0262100000000000
-0.0325760000000000
-0.0275210000000000
-0.0120700000000000
0.00375490000000000
0.00910800000000000
0.00140210000000000
-0.0134950000000000
-0.0275870000000000
-0.0361130000000000
-0.0378770000000000
-0.0333430000000000
-0.0228880000000000
-0.00795990000000000
0.00733430000000000
0.0174120000000000
0.0209160000000000
0.0217770000000000
0.0226450000000000
0.0210270000000000
0.0140770000000000
0.00417570000000000
-0.00386110000000000
-0.00831210000000000
-0.0108460000000000
-0.0113780000000000
-0.00625580000000000
0.00663210000000000
0.0234460000000000
0.0358650000000000
0.0393480000000000
0.0375030000000000
0.0356920000000000
0.0328900000000000
0.0263510000000000
0.0207110000000000
0.0227030000000000
0.0295570000000000
0.0306070000000000
0.0217090000000000
0.00934840000000000
0.000888720000000000
-0.00226750000000000
-0.00140690000000000
0.00182340000000000
0.00502110000000000
0.00691340000000000
0.00849310000000000
0.00839730000000000
0.00344050000000000
-0.00368340000000000
-0.00464680000000000
0.00247570000000000
0.00999300000000000
0.0124650000000000
0.0122120000000000
0.0112380000000000
0.00664310000000000
-0.00220430000000000
-0.0102470000000000
-0.0134870000000000
-0.0130740000000000
-0.0102780000000000
-0.00411260000000000
0.00442630000000000
0.0104670000000000
0.0114070000000000
0.0100880000000000
0.0107650000000000
0.0133880000000000
0.0147000000000000
0.0137570000000000
0.0145390000000000
0.0220750000000000
0.0353160000000000
0.0474610000000000
0.0534620000000000
0.0550380000000000
0.0550870000000000
0.0523870000000000
0.0444540000000000
0.0331590000000000
0.0230340000000000
0.0156130000000000
0.00984000000000000
0.00734690000000000
0.0113430000000000
0.0192590000000000
0.0243370000000000
0.0249390000000000
0.0263410000000000
0.0311260000000000
0.0351020000000000
0.0339070000000000
0.0292280000000000
0.0250460000000000
0.0227030000000000
0.0211710000000000
0.0189170000000000
0.0144670000000000
0.00910310000000000
0.00654530000000000
0.00776080000000000
0.00769580000000000
0.00259110000000000
-0.00449600000000000
-0.00800690000000000
-0.00843110000000000
-0.0102570000000000
-0.0161730000000000
-0.0246230000000000
-0.0319850000000000
-0.0349820000000000
-0.0356720000000000
-0.0399290000000000
-0.0479460000000000
-0.0511140000000000
-0.0451740000000000
-0.0368110000000000
-0.0320760000000000
-0.0263920000000000
-0.0168780000000000
-0.0120440000000000
-0.0206970000000000
-0.0371820000000000
-0.0509640000000000
-0.0594790000000000
-0.0637950000000000
-0.0606850000000000
-0.0492910000000000
-0.0355460000000000
-0.0229770000000000
-0.00855180000000000
0.00777740000000000
0.0191230000000000
0.0218600000000000
0.0210200000000000
0.0207150000000000
0.0190180000000000
0.0153410000000000
0.0146530000000000
0.0188780000000000
0.0225710000000000
0.0211080000000000
0.0187220000000000
0.0230850000000000
0.0344260000000000
0.0447450000000000
0.0484900000000000
0.0488210000000000
0.0504270000000000
0.0520270000000000
0.0504910000000000
0.0480670000000000
0.0481520000000000
0.0491670000000000
0.0484360000000000
0.0483160000000000
0.0500820000000000
0.0478060000000000
0.0365180000000000
0.0222780000000000
0.0140690000000000
0.0109840000000000
0.00642620000000000
0.000139700000000000
-0.00356490000000000
-0.00538580000000000
-0.00963710000000000
-0.0174600000000000
-0.0264430000000000
-0.0347830000000000
-0.0396450000000000
-0.0376540000000000
-0.0298320000000000
-0.0234610000000000
-0.0240290000000000
-0.0300880000000000
-0.0374750000000000
-0.0448420000000000
-0.0525150000000000
-0.0598570000000000
-0.0655920000000000
-0.0684010000000000
-0.0663920000000000
-0.0583450000000000
-0.0461790000000000
-0.0337230000000000
-0.0222990000000000
-0.0103730000000000
0.00113090000000000
0.00639250000000000
0.000591180000000000
-0.0121830000000000
-0.0220410000000000
-0.0244440000000000
-0.0241450000000000
-0.0251440000000000
-0.0236030000000000
-0.0146270000000000
-0.00170350000000000
0.00657970000000000
0.00658270000000000
0.00248700000000000
0.000169270000000000
0.00260310000000000
0.00868750000000000
0.0155870000000000
0.0209680000000000
0.0245140000000000
0.0258880000000000
0.0234220000000000
0.0166920000000000
0.00861200000000000
0.00401980000000000
0.00415400000000000
0.00580060000000000
0.00503810000000000
0.00313130000000000
0.00587820000000000
0.0163900000000000
0.0288340000000000
0.0334200000000000
0.0279400000000000
0.0201660000000000
0.0179490000000000
0.0198250000000000
0.0187670000000000
0.0116850000000000
0.00233680000000000
-0.00495770000000000
-0.00901590000000000
-0.0110040000000000
-0.0123240000000000
-0.0150310000000000
-0.0202330000000000
-0.0263360000000000
-0.0298560000000000
-0.0299510000000000
-0.0279200000000000
-0.0236060000000000
-0.0163620000000000
-0.0106400000000000
-0.0124420000000000
-0.0216850000000000
-0.0335460000000000
-0.0463630000000000
-0.0596180000000000
-0.0687970000000000
-0.0692090000000000
-0.0635940000000000
-0.0570460000000000
-0.0501960000000000
-0.0415470000000000
-0.0337660000000000
-0.0283010000000000
-0.0232060000000000
-0.0183200000000000
-0.0178700000000000
-0.0206570000000000
-0.0199980000000000
-0.0136920000000000
-0.00744780000000000
-0.00440270000000000
-0.00246880000000000
-2.59610000000000e-05
0.00255710000000000
0.00613680000000000
0.00957000000000000
0.00851620000000000
0.00406490000000000
0.00518530000000000
0.0160220000000000
0.0281980000000000
0.0328480000000000
0.0316380000000000
0.0308290000000000
0.0317260000000000
0.0324040000000000
0.0317560000000000
0.0294090000000000
0.0258970000000000
0.0248290000000000
0.0287070000000000
0.0343700000000000
0.0361980000000000
0.0332420000000000
0.0286480000000000
0.0255280000000000
0.0256980000000000
0.0289390000000000
0.0321640000000000
0.0322250000000000
0.0293400000000000
0.0251760000000000
0.0187680000000000
0.00894110000000000
-0.00145950000000000
-0.00808980000000000
-0.0122260000000000
-0.0180200000000000
-0.0252800000000000
-0.0286480000000000
-0.0249800000000000
-0.0167650000000000
-0.00927440000000000
-0.00506290000000000
-0.00429730000000000
-0.00765920000000000
-0.0162260000000000
-0.0276300000000000
-0.0358520000000000
-0.0364910000000000
-0.0314700000000000
-0.0266000000000000
-0.0257310000000000
-0.0294580000000000
-0.0364060000000000
-0.0423820000000000
-0.0414300000000000
-0.0325130000000000
-0.0228530000000000
-0.0191260000000000
-0.0183520000000000
-0.0140540000000000
-0.00775130000000000
-0.00579470000000000
-0.00824460000000000
-0.00993930000000000
-0.0108680000000000
-0.0152450000000000
-0.0204280000000000
-0.0179500000000000
-0.00753060000000000
0.000930660000000000
0.00212690000000000
0.00138080000000000
0.00396210000000000
0.00693350000000000
0.00637410000000000
0.00426110000000000
0.00529010000000000
0.00974820000000000
0.0146550000000000
0.0165310000000000
0.0139310000000000
0.00901650000000000
0.00772710000000000
0.0134300000000000
0.0222850000000000
0.0279200000000000
0.0289710000000000
0.0289560000000000
0.0299490000000000
0.0301710000000000
0.0273240000000000
0.0218410000000000
0.0167280000000000
0.0148330000000000
0.0163580000000000
0.0187110000000000
0.0205260000000000
0.0231450000000000
0.0267220000000000
0.0283690000000000
0.0278410000000000
0.0301000000000000
0.0374190000000000
0.0440230000000000
0.0442630000000000
0.0418400000000000
0.0425260000000000
0.0429910000000000
0.0353300000000000
0.0202970000000000
0.00644380000000000
-0.00105850000000000
-0.00333140000000000
-0.00153620000000000
0.00391590000000000
0.0103450000000000
0.0154580000000000
0.0208540000000000
0.0268530000000000
0.0277930000000000
0.0186590000000000
0.00404820000000000
-0.00713820000000000
-0.0131490000000000
-0.0193760000000000
-0.0270970000000000
-0.0315910000000000
-0.0304770000000000
-0.0288240000000000
-0.0320420000000000
-0.0385370000000000
-0.0423910000000000
-0.0417190000000000
-0.0402390000000000
-0.0408120000000000
-0.0419600000000000
-0.0409000000000000
-0.0380070000000000
-0.0367040000000000
-0.0392820000000000
-0.0437320000000000
-0.0455180000000000
-0.0430300000000000
-0.0387560000000000
-0.0354300000000000
-0.0326430000000000
-0.0285130000000000
-0.0224970000000000
-0.0153170000000000
-0.00807010000000000
-0.00229490000000000
0.00114480000000000
0.00532440000000000
0.0145450000000000
0.0264480000000000
0.0326010000000000
0.0303530000000000
0.0270830000000000
0.0299130000000000
0.0367930000000000
0.0428700000000000
0.0477330000000000
0.0528090000000000
0.0556400000000000
0.0549700000000000
0.0551050000000000
0.0599970000000000
0.0664020000000000
0.0683300000000000
0.0656900000000000
0.0630700000000000
0.0642050000000000
0.0690760000000000
0.0755880000000000
0.0802760000000000
0.0809080000000000
0.0781340000000000
0.0731300000000000
0.0648120000000000
0.0528920000000000
0.0413100000000000
0.0345220000000000
0.0320940000000000
0.0307340000000000
0.0291150000000000
0.0279550000000000
0.0265990000000000
0.0236170000000000
0.0188710000000000
0.0123090000000000
0.00187150000000000
-0.0131990000000000
-0.0281590000000000
-0.0355140000000000
-0.0329980000000000
-0.0257700000000000
-0.0211480000000000
-0.0226070000000000
-0.0292770000000000
-0.0374670000000000
-0.0440060000000000
-0.0487160000000000
-0.0547370000000000
-0.0628500000000000
-0.0694350000000000
-0.0717980000000000
-0.0739140000000000
-0.0799860000000000
-0.0884000000000000
-0.0953850000000000
-0.100630000000000
-0.102950000000000
-0.0983650000000000
-0.0870300000000000
-0.0758820000000000
-0.0685640000000000
-0.0599970000000000
-0.0477260000000000
-0.0392650000000000
-0.0416220000000000
-0.0494410000000000
-0.0531380000000000
-0.0514240000000000
-0.0496400000000000
-0.0482530000000000
-0.0422000000000000
-0.0298240000000000
-0.0168700000000000
-0.00910880000000000
-0.00581990000000000
-0.00272180000000000
0.00156190000000000
0.00515330000000000
0.00764250000000000
0.0113880000000000
0.0186760000000000
0.0292090000000000
0.0400660000000000
0.0473260000000000
0.0490180000000000
0.0467870000000000
0.0434830000000000
0.0400590000000000
0.0369040000000000
0.0360360000000000
0.0381060000000000
0.0392330000000000
0.0362130000000000
0.0314820000000000
0.0286310000000000
0.0267870000000000
0.0247000000000000
0.0256110000000000
0.0319170000000000
0.0384980000000000
0.0387500000000000
0.0338250000000000
0.0291050000000000
0.0255060000000000
0.0215630000000000
0.0194500000000000
0.0215050000000000
0.0247310000000000
0.0250930000000000
0.0241090000000000
0.0247720000000000
0.0256010000000000
0.0243260000000000
0.0236910000000000
0.0267730000000000
0.0315610000000000
0.0350810000000000
0.0384240000000000
0.0424840000000000
0.0445250000000000
0.0429640000000000
0.0395950000000000
0.0351260000000000
0.0286160000000000
0.0238050000000000
0.0265540000000000
0.0351960000000000
0.0409530000000000
0.0399210000000000
0.0355590000000000
0.0300670000000000
0.0226280000000000
0.0155980000000000
0.0134470000000000
0.0155850000000000
0.0190540000000000
0.0252050000000000
0.0355140000000000
0.0438680000000000
0.0433640000000000
0.0363950000000000
0.0294320000000000
0.0222240000000000
0.0115800000000000
-0.000466110000000000
-0.0105190000000000
-0.0213980000000000
-0.0356180000000000
-0.0481760000000000
-0.0527080000000000
-0.0515950000000000
-0.0503970000000000
-0.0497510000000000
-0.0471300000000000
-0.0423850000000000
-0.0364630000000000
-0.0305770000000000
-0.0276400000000000
-0.0292130000000000
-0.0313430000000000
-0.0289310000000000
-0.0248510000000000
-0.0263450000000000
-0.0342160000000000
-0.0417490000000000
-0.0449130000000000
-0.0459870000000000
-0.0493120000000000
-0.0554840000000000
-0.0605860000000000
-0.0608370000000000
-0.0584670000000000
-0.0596130000000000
-0.0641180000000000
-0.0635570000000000
-0.0539740000000000
-0.0441410000000000
-0.0433290000000000
-0.0482610000000000
-0.0502890000000000
-0.0480340000000000
-0.0462530000000000
-0.0467920000000000
-0.0477380000000000
-0.0471840000000000
-0.0451480000000000
-0.0429510000000000
-0.0414790000000000
-0.0388370000000000
-0.0320710000000000
-0.0229080000000000
-0.0163780000000000
-0.0133220000000000
-0.00986590000000000
-0.00587260000000000
-0.00392680000000000
-0.00159520000000000
0.00538570000000000
0.0121740000000000
0.0107790000000000
0.00395930000000000
0.00244480000000000
0.00826350000000000
0.0147260000000000
0.0188120000000000
0.0222440000000000
0.0228830000000000
0.0184350000000000
0.0146670000000000
0.0179440000000000
0.0248670000000000
0.0281980000000000
0.0285870000000000
0.0298480000000000
0.0308220000000000
0.0292740000000000
0.0285490000000000
0.0316540000000000
0.0360610000000000
0.0391990000000000
0.0419500000000000
0.0427510000000000
0.0376790000000000
0.0291590000000000
0.0238060000000000
0.0218230000000000
0.0173050000000000
0.0104040000000000
0.00719970000000000
0.00991600000000000
0.0144340000000000
0.0180160000000000
0.0199050000000000
0.0183610000000000
0.0136660000000000
0.00958760000000000
0.00735640000000000
0.00460310000000000
0.00291820000000000
0.00658840000000000
0.0119920000000000
0.0100180000000000
0.00109500000000000
-0.00406750000000000
-0.00184720000000000
-0.000128300000000000
-0.00432470000000000
-0.0102870000000000
-0.0136520000000000
-0.0149980000000000
-0.0157500000000000
-0.0155430000000000
-0.0144950000000000
-0.0119560000000000
-0.00665630000000000
-0.00123990000000000
-0.00145180000000000
-0.00657360000000000
-0.00907970000000000
-0.00672380000000000
-0.00530860000000000
-0.00706920000000000
-0.00742580000000000
-0.00497280000000000
-0.00480610000000000
-0.00889430000000000
-0.0134330000000000
-0.0163640000000000
-0.0189410000000000
-0.0199110000000000
-0.0177280000000000
-0.0162090000000000
-0.0172130000000000
-0.0144030000000000
-0.00376020000000000
0.00568550000000000
0.00418990000000000
-0.00363260000000000
-0.00679530000000000
-0.00424180000000000
-0.00245180000000000
-0.00240410000000000
-0.00119490000000000
2.24490000000000e-05
-0.00143270000000000
-0.00365840000000000
-0.00442160000000000
-0.00605010000000000
-0.0105650000000000
-0.0156260000000000
-0.0180640000000000
-0.0184340000000000
-0.0186210000000000
-0.0195280000000000
-0.0193300000000000
-0.0141210000000000
-0.00121060000000000
0.0146390000000000
0.0245140000000000
0.0249130000000000
0.0210680000000000
0.0184340000000000
0.0180290000000000
0.0198700000000000
0.0245320000000000
0.0297350000000000
0.0325620000000000
0.0342510000000000
0.0376140000000000
0.0405300000000000
0.0389620000000000
0.0338900000000000
0.0315670000000000
0.0360690000000000
0.0459150000000000
0.0555600000000000
0.0604630000000000
0.0607960000000000
0.0608170000000000
0.0617820000000000
0.0598530000000000
0.0534020000000000
0.0476760000000000
0.0467860000000000
0.0469000000000000
0.0429460000000000
0.0368380000000000
0.0327090000000000
0.0297200000000000
0.0263660000000000
0.0254100000000000
0.0279060000000000
0.0287170000000000
0.0252400000000000
0.0225980000000000
0.0245430000000000
0.0253380000000000
0.0196140000000000
0.0124880000000000
0.0108550000000000
0.0101250000000000
0.00187220000000000
-0.0108520000000000
-0.0183520000000000
-0.0204610000000000
-0.0255240000000000
-0.0346580000000000
-0.0399580000000000
-0.0377170000000000
-0.0346700000000000
-0.0373900000000000
-0.0446750000000000
-0.0509180000000000
-0.0544570000000000
-0.0574850000000000
-0.0618780000000000
-0.0647920000000000
-0.0617290000000000
-0.0523000000000000
-0.0432530000000000
-0.0401660000000000
-0.0409530000000000
-0.0394920000000000
-0.0350900000000000
-0.0316500000000000
-0.0318150000000000
-0.0340340000000000
-0.0351650000000000
-0.0345160000000000
-0.0353980000000000
-0.0406650000000000
-0.0464220000000000
-0.0443430000000000
-0.0332200000000000
-0.0223790000000000
-0.0197080000000000
-0.0207660000000000
-0.0175310000000000
-0.0104240000000000
-0.00521900000000000
-0.00211300000000000
0.00244670000000000
0.00769830000000000
0.00934890000000000
0.00745110000000000
0.00727580000000000
0.0121670000000000
0.0192000000000000
0.0228810000000000
0.0221140000000000
0.0206640000000000
0.0214640000000000
0.0224830000000000
0.0209350000000000
0.0197300000000000
0.0243160000000000
0.0334400000000000
0.0389970000000000
0.0368660000000000
0.0307220000000000
0.0254490000000000
0.0214250000000000
0.0170320000000000
0.0115530000000000
0.00522280000000000
-0.00118690000000000
-0.00561050000000000
-0.00798030000000000
-0.0116480000000000
-0.0193250000000000
-0.0285580000000000
-0.0352490000000000
-0.0377140000000000
-0.0373910000000000
-0.0363870000000000
-0.0366230000000000
-0.0387350000000000
-0.0425410000000000
-0.0484670000000000
-0.0569690000000000
-0.0648080000000000
-0.0660530000000000
-0.0599650000000000
-0.0529910000000000
-0.0502670000000000
-0.0496990000000000
-0.0475730000000000
-0.0443240000000000
-0.0420290000000000
-0.0398420000000000
-0.0355320000000000
-0.0288090000000000
-0.0215820000000000
-0.0154470000000000
-0.0108440000000000
-0.00669140000000000
-0.00165340000000000
0.00371070000000000
0.00675790000000000
0.00614110000000000
0.00413900000000000
0.00552040000000000
0.0132300000000000
0.0249580000000000
0.0349800000000000
0.0411180000000000
0.0475960000000000
0.0576300000000000
0.0658160000000000
0.0636480000000000
0.0529880000000000
0.0445730000000000
0.0438790000000000
0.0454350000000000
0.0449490000000000
0.0465860000000000
0.0542120000000000
0.0620640000000000
0.0617790000000000
0.0536320000000000
0.0453370000000000
0.0428520000000000
0.0461340000000000
0.0512030000000000
0.0540040000000000
0.0534150000000000
0.0517380000000000
0.0497050000000000
0.0435960000000000
0.0312930000000000
0.0191440000000000
0.0148940000000000
0.0169980000000000
0.0178600000000000
0.0151620000000000
0.0124670000000000
0.0109370000000000
0.00813030000000000
0.00414330000000000
0.00200310000000000
0.00179060000000000
0.000542040000000000
-0.00244080000000000
-0.00538640000000000
-0.00737320000000000
-0.00839680000000000
-0.00824760000000000
-0.00830010000000000
-0.0106440000000000
-0.0140650000000000
-0.0150920000000000
-0.0143230000000000
-0.0157950000000000
-0.0179240000000000
-0.0134710000000000
-0.00187450000000000
0.00679820000000000
0.00608600000000000
0.00154930000000000
0.000273880000000000
0.000706870000000000
-0.000654500000000000
-0.00218530000000000
-0.00194300000000000
-0.00152860000000000
-0.000387760000000000
0.00534670000000000
0.0140090000000000
0.0182040000000000
0.0156790000000000
0.0123870000000000
0.0121960000000000
0.0129290000000000
0.0121590000000000
0.0105000000000000
0.00833780000000000
0.00531810000000000
0.00203230000000000
-0.00168770000000000
-0.00690900000000000
-0.0112760000000000
-0.00997430000000000
-0.00429750000000000
-0.000673290000000000
-0.000959080000000000
-0.000807700000000000
0.00159720000000000
0.00360070000000000
0.00358610000000000
0.00264320000000000
-0.000201140000000000
-0.00673940000000000
-0.0149590000000000
-0.0199700000000000
-0.0213890000000000
-0.0222980000000000
-0.0240490000000000
-0.0243600000000000
-0.0221710000000000
-0.0192360000000000
-0.0182250000000000
-0.0191330000000000
-0.0192330000000000
-0.0170820000000000
-0.0152540000000000
-0.0167910000000000
-0.0197500000000000
-0.0205020000000000
-0.0191450000000000
-0.0180590000000000
-0.0158640000000000
-0.0107440000000000
-0.00598480000000000
-0.00562940000000000
-0.00562180000000000
0.000572200000000000
0.00976340000000000
0.0129820000000000
0.00930540000000000
0.00656960000000000
0.00868500000000000
0.0126840000000000
0.0155740000000000
0.0176000000000000
0.0192860000000000
0.0216040000000000
0.0257500000000000
0.0290500000000000
0.0270240000000000
0.0220620000000000
0.0219860000000000
0.0268150000000000
0.0279740000000000
0.0228160000000000
0.0187470000000000
0.0197940000000000
0.0212390000000000
0.0199250000000000
0.0190830000000000
0.0201520000000000
0.0202010000000000
0.0189500000000000
0.0192210000000000
0.0198700000000000
0.0175650000000000
0.0141600000000000
0.0138340000000000
0.0153530000000000
0.0154450000000000
0.0150390000000000
0.0147380000000000
0.0110350000000000
0.00392570000000000
0.00149590000000000
0.00751830000000000
0.0136700000000000
0.0113210000000000
0.00453720000000000
0.00154170000000000
0.00268300000000000
0.00322710000000000
0.00164930000000000
-0.00169060000000000
-0.00660280000000000
-0.0104680000000000
-0.0100160000000000
-0.00795970000000000
-0.0100830000000000
-0.0151850000000000
-0.0167260000000000
-0.0146490000000000
-0.0160890000000000
-0.0233310000000000
-0.0290800000000000
-0.0271650000000000
-0.0208630000000000
-0.0183930000000000
-0.0224170000000000
-0.0274850000000000
-0.0265460000000000
-0.0193140000000000
-0.0128330000000000
-0.0136930000000000
-0.0210840000000000
-0.0282830000000000
-0.0301130000000000
-0.0271140000000000
-0.0232130000000000
-0.0213780000000000
-0.0212190000000000
-0.0204420000000000
-0.0176520000000000
-0.0133030000000000
-0.00821070000000000
-0.00354030000000000
-0.000911520000000000
-0.000863500000000000
-0.00175020000000000
-0.00194540000000000
-0.00190270000000000
-0.00362790000000000
-0.00777820000000000
-0.0129800000000000
-0.0168250000000000
-0.0171520000000000
-0.0129620000000000
-0.00574280000000000
0.000964930000000000
0.00472460000000000
0.00489170000000000
0.00200640000000000
-0.00252720000000000
-0.00586710000000000
-0.00556560000000000
-0.00180060000000000
0.00268000000000000
0.00502320000000000
0.00473940000000000
0.00388470000000000
0.00498190000000000
0.00755660000000000
0.00821840000000000
0.00525890000000000
0.00131370000000000
-0.00135920000000000
-0.00458850000000000
-0.0111830000000000
-0.0188190000000000
-0.0226150000000000
-0.0209190000000000
-0.0169610000000000
-0.0144400000000000
-0.0150720000000000
-0.0176470000000000
-0.0183370000000000
-0.0145920000000000
-0.00857670000000000
-0.00442740000000000
-0.00257480000000000
-0.00133510000000000
-0.00226550000000000
-0.00791610000000000
-0.0159460000000000
-0.0201470000000000
-0.0193980000000000
-0.0182040000000000
-0.0193710000000000
-0.0202310000000000
-0.0189390000000000
-0.0179650000000000
-0.0195480000000000
-0.0206920000000000
-0.0171370000000000
-0.00996620000000000
-0.00525170000000000
-0.00643820000000000
-0.0104590000000000
-0.0114460000000000
-0.00768920000000000
-0.00456340000000000
-0.00844270000000000
-0.0177780000000000
-0.0225810000000000
-0.0173900000000000
-0.00875150000000000
-0.00700480000000000
-0.0123450000000000
-0.0165830000000000
-0.0144800000000000
-0.00831930000000000
-0.00222760000000000
0.00182600000000000
0.00407080000000000
0.00590780000000000
0.00720700000000000
0.00498230000000000
-0.000973350000000000
-0.00374030000000000
0.00239050000000000
0.0126380000000000
0.0182600000000000
0.0174500000000000
0.0134440000000000
0.00797150000000000
0.00330300000000000
0.00273270000000000
0.00546990000000000
0.00683020000000000
0.00722090000000000
0.0105400000000000
0.0145090000000000
0.0136000000000000
0.0111670000000000
0.0142620000000000
0.0198880000000000
0.0206710000000000
0.0177950000000000
0.0159450000000000
0.0122730000000000
0.00392560000000000
-0.00338980000000000
-0.00551990000000000
-0.00908740000000000
-0.0178720000000000
-0.0236000000000000
-0.0213790000000000
-0.0196050000000000
-0.0235640000000000
-0.0256750000000000
-0.0211930000000000
-0.0175850000000000
-0.0197230000000000
-0.0209300000000000
-0.0169540000000000
-0.0144650000000000
-0.0183870000000000
-0.0228230000000000
-0.0222370000000000
-0.0196420000000000
-0.0188140000000000
-0.0178770000000000
-0.0144940000000000
-0.0100550000000000
-0.00689610000000000
-0.00730840000000000
-0.0122650000000000
-0.0177390000000000
-0.0155770000000000
-0.00441010000000000
0.00719400000000000
0.0120690000000000
0.0144760000000000
0.0209440000000000
0.0296170000000000
0.0331240000000000
0.0300540000000000
0.0243540000000000
0.0191960000000000
0.0145010000000000
0.0107640000000000
0.00891600000000000
0.00962080000000000
0.0125120000000000
0.0162160000000000
0.0184170000000000
0.0188240000000000
0.0190320000000000
0.0189970000000000
0.0163790000000000
0.0116370000000000
0.00996580000000000
0.0146600000000000
0.0230400000000000
0.0296480000000000
0.0314940000000000
0.0281620000000000
0.0229230000000000
0.0207020000000000
0.0222770000000000
0.0217960000000000
0.0162480000000000
0.0110920000000000
0.0118360000000000
0.0137270000000000
0.00995790000000000
0.00246310000000000
-0.00221680000000000
-0.00360560000000000
-0.00442690000000000
-0.00443990000000000
-0.00220100000000000
0.00143520000000000
0.00536540000000000
0.00829550000000000
0.00688020000000000
0.000135480000000000
-0.00542660000000000
-0.00358600000000000
0.00136950000000000
0.00113120000000000
-0.00317480000000000
-0.00420310000000000
-0.00101160000000000
0.00114290000000000
0.00132100000000000
0.00302940000000000
0.00714850000000000
0.0111720000000000
0.0141680000000000
0.0161800000000000
0.0168770000000000
0.0173430000000000
0.0198250000000000
0.0237600000000000
0.0261390000000000
0.0262240000000000
0.0257770000000000
0.0259460000000000
0.0270010000000000
0.0290990000000000
0.0300440000000000
0.0267330000000000
0.0210200000000000
0.0188630000000000
0.0205730000000000
0.0193550000000000
0.0125240000000000
0.00591830000000000
0.00448280000000000
0.00684910000000000
0.0118660000000000
0.0211480000000000
0.0326860000000000
0.0395130000000000
0.0375320000000000
0.0296950000000000
0.0207480000000000
0.0132800000000000
0.00873120000000000
0.00854240000000000
0.0125550000000000
0.0194180000000000
0.0269080000000000
0.0314130000000000
0.0310250000000000
0.0295230000000000
0.0328040000000000
0.0402600000000000
0.0457210000000000
0.0458600000000000
0.0445070000000000
0.0454810000000000
0.0470060000000000
0.0461480000000000
0.0451380000000000
0.0466170000000000
0.0477120000000000
0.0463860000000000