0.0108790000000000
0.0294900000000000
0.0456790000000000
0.0354440000000000
0.00545320000000000
-0.0217500000000000
-0.0250190000000000
-0.0154090000000000
-0.00227140000000000
0.0158850000000000
0.0378560000000000
0.0572600000000000
0.0756800000000000
0.0991050000000000
0.115480000000000
0.102530000000000
0.0684590000000000
0.0502030000000000
0.0607510000000000
0.0690860000000000
0.0465870000000000
0.00205460000000000
-0.0398570000000000
-0.0658450000000000
-0.0697200000000000
-0.0471210000000000
-0.00851970000000000
0.0224000000000000
0.0351970000000000
0.0453720000000000
0.0649150000000000
0.0762700000000000
0.0554260000000000
0.00997470000000000
-0.0337500000000000
-0.0714340000000000
-0.119610000000000
-0.171900000000000
-0.193560000000000
-0.167030000000000
-0.115510000000000
-0.0645020000000000
-0.0177910000000000
0.0196050000000000
0.0286570000000000
0.00609560000000000
-0.0282110000000000
-0.0553820000000000
-0.0623450000000000
-0.0276150000000000
0.0546410000000000
0.140350000000000
0.167960000000000
0.127550000000000
0.0620160000000000
0.000242670000000000
-0.0654260000000000
-0.128190000000000
-0.139910000000000
-0.0600190000000000
0.0904530000000000
0.237740000000000
0.307230000000000
0.271620000000000
0.165370000000000
0.0442440000000000
-0.0630900000000000
-0.149730000000000
-0.188510000000000
-0.146070000000000
-0.0435800000000000
0.0399030000000000
0.0485400000000000
-0.00500840000000000
-0.0868560000000000
-0.188140000000000
-0.288970000000000
-0.335900000000000
-0.291560000000000
-0.179360000000000
-0.0440080000000000
0.0862890000000000
0.184430000000000
0.214070000000000
0.167820000000000
0.0856370000000000
0.0132100000000000
-0.0422600000000000
-0.103640000000000
-0.181770000000000
-0.250310000000000
-0.268440000000000
-0.228580000000000
-0.166630000000000
-0.111980000000000
-0.0563420000000000
0.00786430000000000
0.0506660000000000
0.0408330000000000
-0.00998740000000000
-0.0724040000000000
-0.136090000000000
-0.190160000000000
-0.205400000000000
-0.167770000000000
-0.101500000000000
-0.0369230000000000
0.0174020000000000
0.0697620000000000
0.131420000000000
0.197230000000000
0.233080000000000
0.216830000000000
0.191350000000000
0.216230000000000
0.269400000000000
0.277870000000000
0.244650000000000
0.247530000000000
0.298930000000000
0.321020000000000
0.270760000000000
0.191640000000000
0.123060000000000
0.0577090000000000
-0.0109920000000000
-0.0757150000000000
-0.147190000000000
-0.226230000000000
-0.268320000000000
-0.243960000000000
-0.204290000000000
-0.216010000000000
-0.270410000000000
-0.322290000000000
-0.361860000000000
-0.381960000000000
-0.330940000000000
-0.182920000000000
-0.00981310000000000
0.0949900000000000
0.135660000000000
0.180170000000000
0.232120000000000
0.231010000000000
0.164170000000000
0.0867990000000000
0.0233840000000000
-0.0563240000000000
-0.147040000000000
-0.184080000000000
-0.137080000000000
-0.0528230000000000
0.0297630000000000
0.112240000000000
0.169370000000000
0.143340000000000
0.0435920000000000
-0.0508810000000000
-0.105920000000000
-0.158230000000000
-0.208920000000000
-0.201100000000000
-0.120630000000000
-0.0201270000000000
0.0748280000000000
0.178370000000000
0.264620000000000
0.276620000000000
0.217340000000000
0.140040000000000
0.0656750000000000
-0.00315160000000000
-0.0225920000000000
0.0430230000000000
0.135410000000000
0.160600000000000
0.106890000000000
0.0353960000000000
-0.0242410000000000
-0.0847640000000000
-0.134260000000000
-0.133620000000000
-0.0858470000000000
-0.0388490000000000
-0.0151550000000000
0.0131350000000000
0.0649310000000000
0.107840000000000
0.100330000000000
0.0441060000000000
-0.0328770000000000
-0.122470000000000
-0.213430000000000
-0.259860000000000
-0.225810000000000
-0.146810000000000
-0.0788630000000000
-0.0214520000000000
0.0516740000000000
0.114230000000000
0.117940000000000
0.0718690000000000
0.0202860000000000
-0.0317490000000000
-0.0926300000000000
-0.123190000000000
-0.0895930000000000
-0.0436700000000000
-0.0624900000000000
-0.133720000000000
-0.179780000000000
-0.167610000000000
-0.129340000000000
-0.0895510000000000
-0.0382020000000000
0.0326100000000000
0.112850000000000
0.191400000000000
0.250840000000000
0.260330000000000
0.212110000000000
0.144990000000000
0.0981640000000000
0.0603400000000000
-0.00191230000000000
-0.0726360000000000
-0.0840780000000000
0.00516310000000000
0.142840000000000
0.226010000000000
0.208370000000000
0.148380000000000
0.120820000000000
0.110390000000000
0.0433240000000000
-0.0676500000000000
-0.103380000000000
0.00111930000000000
0.144520000000000
0.184050000000000
0.0985420000000000
-0.0306910000000000
-0.146580000000000
-0.234660000000000
-0.272710000000000
-0.244550000000000
-0.184240000000000
-0.138140000000000
-0.104890000000000
-0.0597640000000000
-0.00945990000000000
0.0247490000000000
0.0498100000000000
0.0836060000000000
0.119980000000000
0.146580000000000
0.173080000000000
0.212160000000000
0.247580000000000
0.246800000000000
0.197020000000000
0.118780000000000
0.0424420000000000
-0.0211300000000000
-0.0892810000000000
-0.172150000000000
-0.231000000000000
-0.200610000000000
-0.0665150000000000
0.101340000000000
0.206020000000000
0.197370000000000
0.0976500000000000
-0.0252720000000000
-0.100120000000000
-0.0962650000000000
-0.0373260000000000
0.0356470000000000
0.107740000000000
0.180320000000000
0.235520000000000
0.242040000000000
0.192360000000000
0.111020000000000
0.0359490000000000
0.00501810000000000
0.0433120000000000
0.127920000000000
0.188590000000000
0.174010000000000
0.119420000000000
0.105950000000000
0.160440000000000
0.224370000000000
0.234810000000000
0.187220000000000
0.113450000000000
0.0361990000000000
-0.0325490000000000
-0.0930730000000000
-0.165530000000000
-0.247910000000000
-0.276190000000000
-0.201670000000000
-0.0984070000000000
-0.0867180000000000
-0.150380000000000
-0.158040000000000
-0.0788260000000000
-0.0343960000000000
-0.0821060000000000
-0.108740000000000
-0.0202650000000000
0.0953740000000000
0.107840000000000
0.0309130000000000
-0.0300290000000000
-0.0298940000000000
0.0118250000000000
0.0859540000000000
0.185580000000000
0.258200000000000
0.246900000000000
0.158520000000000
0.0445560000000000
-0.0699590000000000
-0.185630000000000
-0.278170000000000
-0.297280000000000
-0.228730000000000
-0.123320000000000
-0.0392820000000000
0.0268810000000000
0.117890000000000
0.224230000000000
0.274210000000000
0.243220000000000
0.214280000000000
0.272190000000000
0.382570000000000
0.444730000000000
0.423450000000000
0.369110000000000
0.324570000000000
0.286640000000000
0.244720000000000
0.201970000000000
0.152050000000000
0.0798490000000000
-0.0124740000000000
-0.107090000000000
-0.193780000000000
-0.277820000000000
-0.368920000000000
-0.466960000000000
-0.548550000000000
-0.577080000000000
-0.542230000000000
-0.478030000000000
-0.422310000000000
-0.376890000000000
-0.325060000000000
-0.267440000000000
-0.215460000000000
-0.168850000000000
-0.123240000000000
-0.0844080000000000
-0.0537760000000000
-0.0174280000000000
0.0243440000000000
0.0396600000000000
0.00246160000000000
-0.0669650000000000
-0.116120000000000
-0.0991590000000000
-0.000389250000000000
0.157110000000000
0.314990000000000
0.408670000000000
0.409220000000000
0.338940000000000
0.244810000000000
0.163800000000000
0.101420000000000
0.0355510000000000
-0.0496600000000000
-0.123510000000000
-0.130080000000000
-0.0501600000000000
0.0800620000000000
0.219190000000000
0.339310000000000
0.406970000000000
0.394260000000000
0.326670000000000
0.261370000000000
0.219430000000000
0.174000000000000
0.108130000000000
0.0338000000000000
-0.0430860000000000
-0.132500000000000
-0.227010000000000
-0.298600000000000
-0.330330000000000
-0.328170000000000
-0.313240000000000
-0.317460000000000
-0.360370000000000
-0.420780000000000
-0.466270000000000
-0.504920000000000
-0.567110000000000
-0.632620000000000
-0.635530000000000
-0.544070000000000
-0.395510000000000
-0.239290000000000
-0.109480000000000
-0.0397500000000000
-0.0525930000000000
-0.117660000000000
-0.166300000000000
-0.146240000000000
-0.0544800000000000
0.0668260000000000
0.155150000000000
0.170280000000000
0.125550000000000
0.0634870000000000
0.0244410000000000
0.0526550000000000
0.183320000000000
0.370000000000000
0.491660000000000
0.484180000000000
0.410060000000000
0.340560000000000
0.261170000000000
0.165580000000000
0.140540000000000
0.250020000000000
0.403300000000000
0.456160000000000
0.387270000000000
0.291090000000000
0.228100000000000
0.172290000000000
0.0845770000000000
-0.00950490000000000
-0.0338580000000000
0.0491180000000000
0.160250000000000
0.168720000000000
0.0454050000000000
-0.109830000000000
-0.224930000000000
-0.338700000000000
-0.489270000000000
-0.625840000000000
-0.704020000000000
-0.760520000000000
-0.812540000000000
-0.792570000000000
-0.661460000000000
-0.484000000000000
-0.317350000000000
-0.142370000000000
0.0356980000000000
0.136970000000000
0.120550000000000
0.0465710000000000
-0.0274650000000000
-0.0918610000000000
-0.111200000000000
-0.0202870000000000
0.153970000000000
0.290860000000000
0.315930000000000
0.270470000000000
0.220770000000000
0.181590000000000
0.132980000000000
0.0544890000000000
-0.0647850000000000
-0.197080000000000
-0.273670000000000
-0.249540000000000
-0.160680000000000
-0.0753150000000000
-0.0172170000000000
0.0420590000000000
0.126270000000000
0.212750000000000
0.247390000000000
0.198460000000000
0.0884410000000000
-0.0401650000000000
-0.164440000000000
-0.268720000000000
-0.321190000000000
-0.304850000000000
-0.252400000000000
-0.210230000000000
-0.183600000000000
-0.149660000000000
-0.116160000000000
-0.124110000000000
-0.193200000000000
-0.292500000000000
-0.380330000000000
-0.448910000000000
-0.520610000000000
-0.600680000000000
-0.648080000000000
-0.607650000000000
-0.471350000000000
-0.291670000000000
-0.143680000000000
-0.0850230000000000
-0.129240000000000
-0.221010000000000
-0.262280000000000
-0.197370000000000
-0.0698930000000000
0.0467000000000000
0.143420000000000
0.260800000000000
0.391460000000000
0.470480000000000
0.461050000000000
0.400080000000000
0.336330000000000
0.282210000000000
0.238040000000000
0.217560000000000
0.220930000000000
0.223970000000000
0.208450000000000
0.178570000000000
0.137340000000000
0.0782270000000000
0.0216310000000000
0.00759050000000000
0.0290860000000000
0.0156890000000000
-0.0629740000000000
-0.138670000000000
-0.128130000000000
-0.0477290000000000
0.0163680000000000
0.0177730000000000
-0.0226380000000000
-0.0752270000000000
-0.115080000000000
-0.101100000000000
-0.0140360000000000
0.0905870000000000
0.132290000000000
0.0967750000000000
0.0326460000000000
-0.0263460000000000
-0.0709830000000000
-0.0772430000000000
-0.0226680000000000
0.0660430000000000
0.134870000000000
0.156030000000000
0.131670000000000
0.0761580000000000
0.0171390000000000
-0.0222310000000000
-0.0601310000000000
-0.125130000000000
-0.178560000000000
-0.138380000000000
0.00935360000000000
0.196320000000000
0.380360000000000
0.568040000000000
0.726320000000000
0.773450000000000
0.690150000000000
0.560220000000000
0.481250000000000
0.489220000000000
0.566390000000000
0.664210000000000
0.720470000000000
0.704900000000000
0.647390000000000
0.587900000000000
0.532930000000000
0.489830000000000
0.498430000000000
0.575120000000000
0.661570000000000
0.677580000000000
0.611040000000000
0.519940000000000
0.449330000000000
0.383860000000000
0.294340000000000
0.212220000000000
0.211280000000000
0.312000000000000
0.450680000000000
0.572400000000000
0.693690000000000
0.834900000000000
0.942560000000000
0.941700000000000
0.833660000000000
0.688950000000000
0.560060000000000
0.444160000000000
0.319040000000000
0.183620000000000
0.0562050000000000
-0.0584050000000000
-0.184550000000000
-0.332460000000000
-0.447160000000000
-0.448340000000000
-0.326060000000000
-0.151630000000000
0.0129320000000000
0.162070000000000
0.312660000000000
0.474960000000000
0.644560000000000
0.777860000000000
0.809840000000000
0.742840000000000
0.662930000000000
0.612570000000000
0.521660000000000
0.328860000000000
0.0895690000000000
-0.124650000000000
-0.335870000000000
-0.572750000000000
-0.767990000000000
-0.855510000000000
-0.892550000000000
-0.970560000000000
-1.08680000000000
-1.19380000000000
-1.29990000000000
-1.42400000000000
-1.53640000000000
-1.62790000000000
-1.74910000000000
-1.88070000000000
-1.87870000000000
-1.65660000000000
-1.32930000000000
-1.03760000000000
-0.756030000000000
-0.390730000000000
0.00260080000000000
0.263140000000000
0.337540000000000
0.337970000000000
0.378590000000000
0.469350000000000
0.549010000000000
0.553440000000000
0.450220000000000
0.273840000000000
0.0963160000000000
-0.0556770000000000
-0.214010000000000
-0.363870000000000
-0.407050000000000
-0.305740000000000
-0.200670000000000
-0.272790000000000
-0.533880000000000
-0.852840000000000
-1.14560000000000
-1.41340000000000
-1.65770000000000
-1.87650000000000
-2.11350000000000
-2.36310000000000
-2.47650000000000
-2.29530000000000
-1.84390000000000
-1.26090000000000
-0.620580000000000
0.0216240000000000
0.528670000000000
0.813690000000000
1.00140000000000
1.24090000000000
1.47290000000000
1.57020000000000
1.61080000000000
1.74750000000000
1.90040000000000
1.84370000000000
1.54410000000000
1.17640000000000
0.842790000000000
0.511120000000000
0.177140000000000
-0.106500000000000
-0.333380000000000
-0.520070000000000
-0.638500000000000
-0.680500000000000
-0.713610000000000
-0.767610000000000
-0.764820000000000
-0.635210000000000
-0.395190000000000
-0.0644410000000000
0.342490000000000
0.734170000000000
1.01410000000000
1.21370000000000
1.38810000000000
1.46010000000000
1.37070000000000
1.27860000000000
1.38090000000000
1.63310000000000
1.87710000000000
2.12250000000000
2.41630000000000
2.59500000000000
2.47270000000000
2.16760000000000
1.91340000000000
1.68130000000000
1.27160000000000
0.706960000000000
0.228730000000000
-0.0441460000000000
-0.199900000000000
-0.293400000000000
-0.267280000000000
-0.128890000000000
-0.0281240000000000
-0.105850000000000
-0.350480000000000
-0.642050000000000
-0.897480000000000
-1.14640000000000
-1.47270000000000
-1.89480000000000
-2.32620000000000
-2.65460000000000
-2.82580000000000
-2.83820000000000
-2.72800000000000
-2.56660000000000
-2.41790000000000
-2.28210000000000
-2.12730000000000
-1.95850000000000
-1.80860000000000
-1.66750000000000
-1.48590000000000
-1.25110000000000
-1.00210000000000
-0.749050000000000
-0.444170000000000
-0.0601990000000000
0.334580000000000
0.609970000000000
0.673980000000000
0.531590000000000
0.268660000000000
-0.0105870000000000
-0.209730000000000
-0.265500000000000
-0.184810000000000
-0.0446220000000000
0.0697750000000000
0.108580000000000
0.0631920000000000
-0.0344490000000000
-0.126920000000000
-0.169050000000000
-0.151790000000000
-0.0867410000000000
0.0104730000000000
0.100790000000000
0.133390000000000
0.0995090000000000
0.0373160000000000
-0.0354060000000000
-0.117080000000000
-0.157930000000000
-0.0851610000000000
0.0947160000000000
0.307530000000000
0.521610000000000
0.735800000000000
0.879720000000000
0.851600000000000
0.676370000000000
0.504240000000000
0.447800000000000
0.496460000000000
0.587380000000000
0.681210000000000
0.763940000000000
0.841530000000000
0.932590000000000
1.02570000000000
1.06640000000000
1.02550000000000
0.944320000000000
0.872060000000000
0.810030000000000
0.743510000000000
0.685080000000000
0.649500000000000
0.624450000000000
0.591390000000000
0.549040000000000
0.496650000000000
0.424210000000000
0.347020000000000
0.319680000000000
0.382180000000000
0.495050000000000
0.566570000000000
0.540730000000000
0.455280000000000
0.399760000000000
0.436580000000000
0.551690000000000
0.657810000000000
0.642430000000000
0.462760000000000
0.201190000000000
-0.0308930000000000
-0.227860000000000
-0.463580000000000
-0.729120000000000
-0.904720000000000
-0.909810000000000
-0.791730000000000
-0.628760000000000
-0.464230000000000
-0.357900000000000
-0.379400000000000
-0.508870000000000
-0.657070000000000
-0.793210000000000
-0.942380000000000
-1.06100000000000
-1.04840000000000
-0.895670000000000
-0.703070000000000
-0.537100000000000
-0.377350000000000
-0.202420000000000
-0.0306480000000000
0.125890000000000
0.275500000000000
0.422550000000000
0.572300000000000
0.732130000000000
0.872840000000000
0.934030000000000
0.900060000000000
0.825610000000000
0.760050000000000
0.705710000000000
0.664250000000000
0.667280000000000
0.727870000000000
0.804700000000000
0.841690000000000
0.826640000000000
0.789450000000000
0.752330000000000
0.708470000000000
0.657210000000000
0.633460000000000
0.668110000000000
0.722020000000000
0.708220000000000
0.593340000000000
0.436330000000000
0.300840000000000
0.181320000000000
0.0415580000000000
-0.112520000000000
-0.230990000000000
-0.267190000000000
-0.211130000000000
-0.0951920000000000
0.0178480000000000
0.0674670000000000
0.0302770000000000
-0.0755310000000000
-0.208820000000000
-0.314370000000000
-0.348030000000000
-0.320810000000000
-0.291640000000000
-0.297300000000000
-0.324580000000000
-0.357050000000000
-0.401920000000000
-0.462840000000000
-0.531210000000000
-0.610100000000000
-0.699080000000000
-0.760380000000000
-0.751230000000000
-0.682090000000000
-0.594600000000000
-0.503330000000000
-0.412550000000000
-0.356170000000000
-0.367760000000000
-0.432990000000000
-0.517210000000000
-0.595960000000000
-0.637420000000000
-0.614790000000000
-0.565630000000000
-0.568330000000000
-0.629370000000000
-0.666870000000000
-0.626580000000000
-0.551170000000000
-0.502100000000000
-0.487030000000000
-0.476360000000000
-0.439030000000000
-0.344460000000000
-0.192140000000000
-0.0359600000000000
0.0671430000000000
0.126490000000000
0.185880000000000
0.248590000000000
0.292730000000000
0.327350000000000
0.370730000000000
0.407280000000000
0.428250000000000
0.469080000000000
0.531290000000000
0.523720000000000
0.362070000000000
0.0908960000000000
-0.178250000000000
-0.395730000000000
-0.581110000000000
-0.754970000000000
-0.933520000000000
-1.13000000000000
-1.30200000000000
-1.36100000000000
-1.28610000000000
-1.16120000000000
-1.05720000000000
-0.962630000000000
-0.854810000000000
-0.750860000000000
-0.651920000000000
-0.522260000000000
-0.352370000000000
-0.174960000000000
0.00465600000000000
0.224390000000000
0.488430000000000
0.736870000000000
0.903710000000000
0.970900000000000
0.958630000000000
0.907380000000000
0.852070000000000
0.802870000000000
0.747030000000000
0.679910000000000
0.612040000000000
0.551230000000000
0.492820000000000
0.432310000000000
0.371040000000000
0.307800000000000
0.236930000000000
0.156710000000000
0.0727070000000000
-0.00749520000000000
-0.0837060000000000
-0.163800000000000
-0.249160000000000
-0.328450000000000
-0.400280000000000
-0.486310000000000
-0.583060000000000
-0.627760000000000
-0.563620000000000
-0.425210000000000
-0.291770000000000
-0.187520000000000
-0.0875360000000000
0.00940760000000000
0.0903090000000000
0.177270000000000
0.288000000000000
0.369130000000000
0.345680000000000
0.219200000000000
0.0548860000000000
-0.103570000000000
-0.252630000000000
-0.396330000000000
-0.532990000000000
-0.656280000000000
-0.758720000000000
-0.855180000000000
-0.981920000000000
-1.11940000000000
-1.16450000000000
-1.04250000000000
-0.814930000000000
-0.589830000000000
-0.391160000000000
-0.183580000000000
0.0287240000000000
0.216110000000000
0.383220000000000
0.551200000000000
0.719740000000000
0.891240000000000
1.07130000000000
1.21750000000000
1.26210000000000
1.21680000000000
1.17280000000000
1.18370000000000
1.22340000000000
1.26800000000000
1.31870000000000
1.34200000000000
1.28260000000000
1.15570000000000
1.03200000000000
0.931930000000000
0.819120000000000
0.691530000000000
0.582370000000000
0.480860000000000
0.352210000000000
0.232970000000000
0.202650000000000
0.250540000000000
0.274390000000000
0.219100000000000
0.126400000000000
0.0377140000000000
-0.0482790000000000
-0.117490000000000
-0.128750000000000
-0.0818210000000000
-0.0221530000000000
0.0278920000000000
0.0788650000000000
0.117680000000000
0.108270000000000
0.0548400000000000
0.000489630000000000
-0.0376910000000000
-0.0801060000000000
-0.130470000000000
-0.165320000000000
-0.181630000000000
-0.207760000000000
-0.258710000000000
-0.319640000000000
-0.380600000000000
-0.452000000000000
-0.530810000000000
-0.580970000000000
-0.564540000000000
-0.478300000000000
-0.356670000000000
-0.261730000000000
-0.260200000000000
-0.369240000000000
-0.514070000000000
-0.585160000000000
-0.546480000000000
-0.460060000000000
-0.388330000000000
-0.328330000000000
-0.255650000000000
-0.184980000000000
-0.145320000000000
-0.122760000000000
-0.0633150000000000
0.0756570000000000
0.283370000000000
0.494830000000000
0.640170000000000
0.717510000000000
0.801660000000000
0.942990000000000
1.08410000000000
1.12220000000000
1.03890000000000
0.908840000000000
0.787930000000000
0.674120000000000
0.570810000000000
0.508330000000000
0.480330000000000
0.443550000000000
0.389600000000000
0.349440000000000
0.318540000000000
0.257540000000000
0.181510000000000
0.159430000000000
0.200660000000000
0.224830000000000
0.176330000000000
0.0880470000000000
0.00777650000000000
-0.0629850000000000
-0.137650000000000
-0.213560000000000
-0.290560000000000
-0.372220000000000
-0.438430000000000
-0.452380000000000
-0.403680000000000
-0.320470000000000
-0.241720000000000
-0.196600000000000
-0.199270000000000
-0.244070000000000
-0.309870000000000
-0.373990000000000
-0.425420000000000
-0.473550000000000
-0.538650000000000
-0.610250000000000
-0.635990000000000
-0.589960000000000
-0.531600000000000
-0.534420000000000
-0.578860000000000
-0.582400000000000
-0.518520000000000
-0.433490000000000
-0.359900000000000
-0.290150000000000
-0.223300000000000
-0.175390000000000
-0.149780000000000
-0.144780000000000
-0.166960000000000
-0.208160000000000
-0.242340000000000
-0.266350000000000
-0.303850000000000
-0.349250000000000
-0.356340000000000
-0.297280000000000
-0.193810000000000
-0.0769150000000000
0.0301670000000000
0.0957340000000000
0.0967140000000000
0.0640540000000000
0.0585480000000000
0.104770000000000
0.176410000000000
0.237960000000000
0.265020000000000
0.240720000000000
0.169840000000000
0.0873330000000000
0.0336660000000000
0.0248270000000000
0.0554260000000000
0.108790000000000
0.163120000000000
0.208950000000000
0.263280000000000
0.336840000000000
0.402980000000000
0.435270000000000
0.454390000000000
0.491290000000000
0.527650000000000
0.521920000000000
0.466750000000000
0.381730000000000
0.276060000000000
0.173840000000000
0.128720000000000
0.158180000000000
0.196220000000000
0.174750000000000
0.107170000000000
0.0463710000000000
0.00374360000000000
-0.0457710000000000
-0.108970000000000
-0.155850000000000
-0.142140000000000
-0.0472320000000000
0.0820770000000000
0.148770000000000
0.100260000000000
-0.0119990000000000
-0.115980000000000
-0.205660000000000
-0.306160000000000
-0.408660000000000
-0.500000000000000
-0.598970000000000
-0.710580000000000
-0.789750000000000
-0.794280000000000
-0.737590000000000
-0.656880000000000
-0.580770000000000
-0.541700000000000
-0.568180000000000
-0.644860000000000
-0.728590000000000
-0.800660000000000
-0.871600000000000
-0.946370000000000
-1.02210000000000
-1.10070000000000
-1.17130000000000
-1.20120000000000
-1.17510000000000
-1.12150000000000
-1.07490000000000
-1.03900000000000
-0.999620000000000
-0.948420000000000
-0.878220000000000
-0.784860000000000
-0.679240000000000
-0.578030000000000
-0.481990000000000
-0.380940000000000
-0.274310000000000
-0.169100000000000
-0.0653860000000000
0.0404700000000000
0.146530000000000
0.250070000000000
0.352710000000000
0.454850000000000
0.555030000000000
0.657910000000000
0.765820000000000
0.857510000000000
0.895130000000000
0.867630000000000
0.816760000000000
0.799380000000000
0.829290000000000
0.873970000000000
0.910030000000000
0.946610000000000
0.990930000000000
1.02920000000000
1.06020000000000
1.10420000000000
1.15280000000000
1.15770000000000
1.09790000000000
1.01270000000000
0.937430000000000
0.862830000000000
0.780230000000000
0.706150000000000
0.637810000000000
0.549040000000000
0.460080000000000
0.433430000000000
0.471550000000000
0.488020000000000
0.428660000000000
0.335610000000000
0.264000000000000
0.203970000000000
0.128240000000000
0.0475800000000000
-0.0196320000000000
-0.0855540000000000
-0.163610000000000
-0.240120000000000
-0.305060000000000
-0.375000000000000
-0.458050000000000
-0.525640000000000
-0.544420000000000
-0.517190000000000
-0.473490000000000
-0.433340000000000
-0.397190000000000
-0.359830000000000
-0.320620000000000
-0.281720000000000
-0.244410000000000
-0.207300000000000
-0.167820000000000
-0.125170000000000
-0.0803510000000000
-0.0337340000000000
0.0143430000000000
0.0613900000000000
0.106300000000000
0.152560000000000
0.201660000000000
0.248280000000000
0.290870000000000
0.339480000000000
0.394800000000000
0.427630000000000
0.403090000000000
0.326140000000000
0.236070000000000
0.157370000000000
0.0814050000000000
-0.00262700000000000
-0.0870850000000000
-0.162170000000000
-0.229470000000000
-0.291980000000000
-0.348720000000000
-0.404110000000000
-0.464630000000000
-0.525830000000000
-0.580640000000000
-0.637160000000000
-0.703630000000000
-0.757770000000000
-0.761810000000000
-0.711790000000000
-0.643410000000000
-0.583550000000000
-0.527020000000000
-0.464580000000000
-0.402950000000000
-0.346400000000000
-0.285200000000000
-0.218220000000000
-0.168800000000000
-0.163300000000000
-0.202030000000000
-0.255440000000000
-0.281910000000000
-0.255930000000000
-0.191010000000000
-0.121770000000000
-0.0619980000000000
0.000718100000000000
0.0696080000000000
0.131950000000000
0.189350000000000
0.259670000000000
0.333580000000000
0.368770000000000
0.342400000000000
0.281950000000000
0.223800000000000
0.176000000000000
0.128100000000000
0.0735790000000000
0.0148250000000000
-0.0293360000000000
-0.0281850000000000
0.0273090000000000
0.105620000000000
0.173220000000000
0.235910000000000
0.310760000000000
0.372040000000000
0.368930000000000
0.294410000000000
0.200470000000000
0.140890000000000
0.129120000000000
0.148680000000000
0.179040000000000
0.205420000000000
0.224980000000000
0.246680000000000
0.276670000000000
0.304380000000000
0.313580000000000
0.299170000000000
0.268120000000000
0.230880000000000
0.196370000000000
0.169650000000000
0.157670000000000
0.176600000000000
0.232250000000000
0.290440000000000
0.300530000000000
0.266300000000000
0.250080000000000
0.279710000000000
0.302720000000000
0.265260000000000
0.183890000000000
0.100110000000000
0.0206010000000000
-0.0541510000000000
-0.0912540000000000
-0.0639030000000000
0.00151650000000000
0.0597200000000000
0.101710000000000
0.148500000000000
0.207970000000000
0.268690000000000
0.325620000000000
0.389160000000000
0.465890000000000
0.538530000000000
0.576340000000000
0.563030000000000
0.513040000000000
0.454750000000000
0.407090000000000
0.367890000000000
0.322630000000000
0.262800000000000
0.208260000000000
0.199490000000000
0.245200000000000
0.284660000000000
0.242280000000000
0.120540000000000
0.00637270000000000
-0.0238500000000000
0.0160120000000000
0.0509620000000000
0.0341460000000000
-0.0214680000000000
-0.0839050000000000
-0.129770000000000
-0.139980000000000
-0.109170000000000
-0.0648770000000000
-0.0457820000000000
-0.0611670000000000
-0.0898270000000000
-0.116690000000000
-0.142020000000000
-0.165490000000000
-0.187510000000000
-0.217310000000000
-0.249670000000000
-0.254100000000000
-0.210270000000000
-0.136840000000000
-0.0601110000000000
0.0124150000000000
0.0719630000000000
0.0948630000000000
0.0744340000000000
0.0364410000000000
0.00698580000000000
-0.0150720000000000
-0.0445590000000000
-0.0865580000000000
-0.134570000000000
-0.181980000000000
-0.229400000000000
-0.280110000000000
-0.331010000000000
-0.376330000000000
-0.421200000000000
-0.476870000000000
-0.532460000000000
-0.554960000000000
-0.527920000000000
-0.472490000000000
-0.414410000000000
-0.363160000000000
-0.326660000000000
-0.318180000000000
-0.334000000000000
-0.354280000000000
-0.369570000000000
-0.384780000000000
-0.393460000000000
-0.374670000000000
-0.323390000000000
-0.262120000000000
-0.212040000000000
-0.167310000000000
-0.109530000000000
-0.0463510000000000
-0.0171950000000000
-0.0507450000000000
-0.117370000000000
-0.152820000000000
-0.124790000000000
-0.0617320000000000
-0.00345500000000000
0.0441040000000000
0.0967860000000000
0.155700000000000
0.209730000000000
0.259100000000000
0.313750000000000
0.372560000000000
0.425070000000000
0.473220000000000
0.531220000000000
0.594940000000000
0.631680000000000
0.614550000000000
0.556420000000000
0.490660000000000
0.432690000000000
0.375970000000000
0.315490000000000
0.255140000000000
0.197310000000000
0.137630000000000
0.0697540000000000
-0.00835390000000000
-0.0907530000000000
-0.168840000000000
-0.245070000000000
-0.330240000000000
-0.412130000000000
-0.448980000000000
-0.417120000000000
-0.350580000000000
-0.304830000000000
-0.301620000000000
-0.326660000000000
-0.364130000000000
-0.402940000000000
-0.424020000000000
-0.408530000000000
-0.359320000000000
-0.295480000000000
-0.236450000000000
-0.200540000000000
-0.204420000000000
-0.246130000000000
-0.296540000000000
-0.318270000000000
-0.298190000000000
-0.261830000000000
-0.248080000000000
-0.272140000000000
-0.308240000000000
-0.313100000000000
-0.263740000000000
-0.180390000000000
-0.100900000000000
-0.0377310000000000
0.0321770000000000
0.118100000000000
0.179940000000000
0.171180000000000
0.117100000000000
0.0983040000000000
0.145740000000000
0.195490000000000
0.176830000000000
0.0997720000000000
0.0259980000000000
-0.00789940000000000
-0.00434570000000000
0.0247410000000000
0.0677730000000000
0.104790000000000
0.117240000000000
0.102320000000000
0.0704320000000000
0.0382170000000000
0.0287830000000000
0.0550360000000000
0.0996570000000000
0.137030000000000
0.169840000000000
0.212420000000000
0.245380000000000
0.231150000000000
0.181240000000000
0.156750000000000
0.184250000000000
0.213630000000000
0.189230000000000
0.118760000000000
0.0424190000000000
-0.0301700000000000
-0.107840000000000
-0.172490000000000
-0.190330000000000
-0.160260000000000
-0.119830000000000
-0.106600000000000
-0.130510000000000
-0.175480000000000
-0.220080000000000
-0.257420000000000
-0.297940000000000
-0.345430000000000
-0.380930000000000
-0.382490000000000
-0.354090000000000
-0.317830000000000
-0.284160000000000
-0.246050000000000
-0.195820000000000
-0.134670000000000
-0.0711470000000000
-0.0232200000000000
-0.0132060000000000
-0.0480450000000000
-0.109280000000000
-0.167310000000000
-0.196520000000000
-0.178150000000000
-0.108460000000000
-0.0146710000000000
0.0525910000000000
0.0619360000000000
0.0310790000000000
-0.00328270000000000
-0.0315710000000000
-0.0667830000000000
-0.105230000000000
-0.122720000000000
-0.105990000000000
-0.0665920000000000
-0.0200190000000000
0.0233710000000000
0.0502850000000000
0.0495780000000000
0.0297840000000000
0.00910950000000000
-0.00636570000000000
-0.0219560000000000
-0.0391510000000000
-0.0573060000000000
-0.0767440000000000
-0.0874300000000000
-0.0703170000000000
-0.0247060000000000
0.0265380000000000
0.0695900000000000
0.113510000000000
0.163150000000000
0.208830000000000
0.251330000000000
0.301390000000000
0.345990000000000
0.354690000000000
0.328540000000000
0.300030000000000
0.279820000000000
0.250440000000000
0.218560000000000
0.220580000000000
0.261190000000000
0.295050000000000
0.287520000000000
0.253650000000000
0.221700000000000
0.196770000000000
0.171150000000000
0.142090000000000
0.110330000000000
0.0834900000000000
0.0780680000000000
0.102190000000000
0.142030000000000
0.181140000000000
0.216680000000000
0.245530000000000
0.254010000000000
0.238660000000000
0.216270000000000
0.200720000000000
0.186640000000000
0.166170000000000
0.143360000000000
0.123160000000000
0.103100000000000
0.0822430000000000
0.0600110000000000
0.0241370000000000
-0.0391150000000000
-0.119850000000000
-0.194110000000000
-0.258700000000000
-0.333090000000000
-0.417250000000000
-0.475100000000000
-0.474520000000000
-0.427060000000000
-0.368070000000000
-0.315370000000000
-0.265390000000000
-0.216120000000000
-0.172560000000000
-0.135050000000000
-0.0975760000000000
-0.0567230000000000
-0.0149320000000000
0.0254030000000000
0.0654870000000000
0.107240000000000
0.149590000000000
0.190070000000000
0.229630000000000
0.271580000000000
0.314690000000000
0.354260000000000
0.392410000000000
0.437270000000000
0.483400000000000
0.508300000000000
0.498890000000000
0.470370000000000
0.443910000000000
0.422930000000000
0.400300000000000
0.375530000000000
0.351860000000000
0.328900000000000
0.305460000000000
0.282200000000000
0.258230000000000
0.233380000000000
0.212200000000000
0.198340000000000
0.189250000000000
0.183050000000000
0.179060000000000
0.167380000000000
0.134230000000000
0.0828610000000000
0.0298960000000000
-0.0206640000000000
-0.0763320000000000
-0.125480000000000
-0.136710000000000
-0.102950000000000
-0.0639120000000000
-0.0650880000000000
-0.107620000000000
-0.157330000000000
-0.194660000000000
-0.232070000000000
-0.283200000000000
-0.332020000000000
-0.347470000000000
-0.317010000000000
-0.255990000000000
-0.189710000000000
-0.145420000000000
-0.144950000000000
-0.185760000000000
-0.239210000000000
-0.284900000000000
-0.330880000000000
-0.384390000000000
-0.423240000000000
-0.419990000000000
-0.380890000000000
-0.334570000000000
-0.294820000000000
-0.256140000000000
-0.214600000000000
-0.172060000000000
-0.129630000000000
-0.0931200000000000
-0.0762100000000000
-0.0858150000000000
-0.111110000000000
-0.131740000000000
-0.131480000000000
-0.104400000000000
-0.0591290000000000
-0.0124890000000000
0.0266100000000000
0.0648930000000000
0.109470000000000
0.154280000000000
0.189620000000000
0.216680000000000
0.241790000000000
0.261950000000000
0.269820000000000
0.267080000000000
0.264670000000000
0.269690000000000
0.279420000000000
0.283260000000000
0.270680000000000
0.242610000000000
0.217830000000000
0.219250000000000
0.250760000000000
0.293870000000000
0.331150000000000
0.363980000000000
0.402750000000000
0.445330000000000
0.474420000000000
0.475150000000000
0.451350000000000
0.420380000000000
0.394820000000000
0.371870000000000
0.341830000000000
0.301910000000000
0.257640000000000
0.213120000000000
0.168240000000000
0.123390000000000
0.0795390000000000
0.0351850000000000
-0.0106970000000000
-0.0559810000000000
-0.0989610000000000
-0.139560000000000
-0.175680000000000
-0.206040000000000
-0.236270000000000
-0.272750000000000
-0.308970000000000
-0.330580000000000
-0.336400000000000
-0.343660000000000
-0.367850000000000
-0.406500000000000
-0.446240000000000
-0.478940000000000
-0.509600000000000
-0.548360000000000
-0.589910000000000
-0.609660000000000
-0.591320000000000
-0.553920000000000
-0.531400000000000
-0.535770000000000
-0.552890000000000
-0.569430000000000
-0.583140000000000
-0.595630000000000
-0.609120000000000
-0.628000000000000
-0.645770000000000
-0.639770000000000
-0.592200000000000
-0.515280000000000
-0.438290000000000
-0.375040000000000
-0.312180000000000
-0.234790000000000
-0.158570000000000
-0.123160000000000
-0.144110000000000
-0.183750000000000
-0.192120000000000
-0.161420000000000
-0.121330000000000
-0.0895980000000000
-0.0585660000000000
-0.0227780000000000
0.00880490000000000
0.0314200000000000
0.0521190000000000
0.0767480000000000
0.105400000000000
0.138650000000000
0.176140000000000
0.213420000000000
0.248320000000000
0.284260000000000
0.322160000000000
0.356750000000000
0.383870000000000
0.404850000000000
0.423040000000000
0.441530000000000
0.462010000000000
0.482200000000000
0.499610000000000
0.518400000000000
0.542120000000000
0.558470000000000
0.547310000000000
0.506920000000000
0.456580000000000
0.410440000000000
0.366100000000000
0.319370000000000
0.272890000000000
0.227660000000000
0.181150000000000
0.134750000000000
0.0906030000000000
0.0427010000000000
-0.00878530000000000
-0.0403010000000000
-0.0245150000000000
0.0272420000000000
0.0680200000000000
0.0637220000000000
0.0238260000000000
-0.0238430000000000
-0.0683290000000000
-0.114670000000000
-0.162390000000000
-0.201920000000000
-0.226880000000000
-0.239890000000000
-0.248580000000000
-0.260160000000000
-0.275660000000000
-0.287530000000000
-0.287210000000000
-0.274750000000000
-0.256570000000000
-0.236080000000000
-0.215820000000000
-0.204360000000000
-0.211410000000000
-0.235820000000000
-0.267530000000000
-0.296980000000000
-0.317330000000000
-0.323290000000000
-0.316320000000000
-0.305450000000000
-0.297620000000000
-0.291290000000000
-0.282990000000000
-0.273980000000000
-0.266640000000000
-0.259160000000000
-0.248110000000000
-0.233290000000000
-0.217380000000000
-0.202370000000000
-0.187670000000000
-0.171790000000000
-0.155670000000000
-0.141820000000000
-0.127630000000000
-0.104710000000000
-0.0688790000000000
-0.0265010000000000
0.0146630000000000
0.0541130000000000
0.0945470000000000
0.135320000000000
0.175260000000000
0.216040000000000
0.257420000000000
0.294050000000000
0.321550000000000
0.343190000000000
0.365480000000000
0.390240000000000
0.414450000000000
0.436750000000000
0.459590000000000
0.484330000000000
0.508310000000000
0.530160000000000
0.553160000000000
0.578590000000000
0.602010000000000
0.622210000000000
0.647000000000000
0.676830000000000
0.689950000000000
0.661340000000000
0.595580000000000
0.521420000000000
0.455530000000000
0.390000000000000
0.318440000000000
0.252940000000000
0.206290000000000
0.172070000000000
0.136620000000000
0.0984890000000000
0.0623700000000000
0.0240940000000000
-0.0218760000000000
-0.0691180000000000
-0.110020000000000
-0.152560000000000
-0.204180000000000
-0.244190000000000
-0.239590000000000
-0.196040000000000
-0.161860000000000
-0.170330000000000
-0.202620000000000
-0.226740000000000
-0.243060000000000
-0.268650000000000
-0.294400000000000
-0.292550000000000
-0.259120000000000
-0.218850000000000
-0.185680000000000
-0.148660000000000
-0.105330000000000
-0.0793850000000000
-0.0886150000000000
-0.116890000000000
-0.140250000000000
-0.158880000000000
-0.184680000000000
-0.211820000000000
-0.224020000000000
-0.217880000000000
-0.202480000000000
-0.181230000000000
-0.149390000000000
-0.102660000000000
-0.0437910000000000
0.0165000000000000
0.0680550000000000
0.117030000000000
0.178950000000000
0.243800000000000
0.272740000000000
0.248100000000000
0.208140000000000
0.204540000000000
0.247820000000000
0.311830000000000
0.368580000000000
0.397490000000000
0.386030000000000
0.344140000000000
0.298550000000000
0.263430000000000
0.229650000000000
0.189320000000000
0.148730000000000
0.113130000000000
0.0769480000000000
0.0367260000000000
-0.00201720000000000
-0.0357800000000000
-0.0684240000000000
-0.102850000000000
-0.136790000000000
-0.168750000000000
-0.201220000000000
-0.235820000000000
-0.269860000000000
-0.301180000000000
-0.333410000000000
-0.370380000000000
-0.403830000000000
-0.416360000000000
-0.401390000000000
-0.372720000000000
-0.346610000000000
-0.324840000000000
-0.301160000000000
-0.275430000000000
-0.251180000000000
-0.226880000000000
-0.198750000000000
-0.168440000000000
-0.140030000000000
-0.112690000000000
-0.0834270000000000
-0.0536360000000000
-0.0261150000000000
0.00199570000000000
0.0336470000000000
0.0591500000000000
0.0612900000000000
0.0386290000000000
0.0100960000000000
-0.0110590000000000
-0.0331190000000000
-0.0633290000000000
-0.0846040000000000
-0.0738270000000000
-0.0328640000000000
0.0175000000000000
0.0655460000000000
0.112060000000000
0.157870000000000
0.205120000000000
0.256660000000000
0.298180000000000
0.300220000000000
0.259230000000000
0.215670000000000
0.208940000000000
0.232660000000000
0.257860000000000
0.278620000000000
0.304960000000000
0.327540000000000
0.323460000000000
0.291200000000000
0.251650000000000
0.217200000000000
0.183030000000000
0.145650000000000
0.109610000000000
0.0756580000000000
0.0395300000000000
0.00288320000000000
-0.0278770000000000
-0.0535600000000000
-0.0806000000000000
-0.109140000000000
-0.134790000000000
-0.159780000000000
-0.189780000000000
-0.218670000000000
-0.230210000000000
-0.217190000000000
-0.190780000000000
-0.165660000000000
-0.145410000000000
-0.124590000000000
-0.0995980000000000
-0.0743600000000000
-0.0585910000000000
-0.0600320000000000
-0.0760510000000000
-0.0958060000000000
-0.111780000000000
-0.126490000000000
-0.144090000000000
-0.161190000000000
-0.172330000000000
-0.179920000000000
-0.189710000000000
-0.200520000000000
-0.208250000000000
-0.215940000000000
-0.227920000000000
-0.237450000000000
-0.233120000000000
-0.215410000000000
-0.194590000000000
-0.174330000000000
-0.151700000000000
-0.131380000000000
-0.124790000000000
-0.135180000000000
-0.155110000000000
-0.176300000000000
-0.189840000000000
-0.184590000000000
-0.158180000000000
-0.123510000000000
-0.0923000000000000
-0.0621330000000000
-0.0298660000000000
-0.00480720000000000
0.00479290000000000
0.00675360000000000
0.0121780000000000
0.0198190000000000
0.0241970000000000
0.0279210000000000
0.0354720000000000
0.0462740000000000
0.0599780000000000
0.0777740000000000
0.0961210000000000
0.110630000000000
0.125090000000000
0.145040000000000
0.164300000000000
0.170430000000000
0.158810000000000
0.134800000000000
0.106900000000000
0.0833550000000000
0.0646840000000000
0.0412280000000000
0.0105610000000000
-0.00892540000000000
0.000225820000000000
0.0307490000000000
0.0673470000000000
0.110450000000000
0.155340000000000
0.172980000000000
0.141640000000000
0.0814380000000000
0.0233350000000000
-0.0311320000000000
-0.0899860000000000
-0.131810000000000
-0.123700000000000
-0.0679530000000000
-0.00268920000000000
0.0373520000000000
0.0453150000000000
0.0337280000000000
0.0156270000000000
-0.00427730000000000
-0.0236740000000000
-0.0353730000000000
-0.0327160000000000
-0.0178780000000000
0.00270060000000000
0.0266640000000000
0.0487230000000000
0.0543970000000000
0.0329580000000000
-0.00820470000000000
-0.0553350000000000
-0.0965210000000000
-0.115820000000000
-0.0983950000000000
-0.0545170000000000
-0.0117400000000000
0.0195800000000000
0.0544350000000000
0.0981570000000000
0.130080000000000
0.131720000000000
0.111980000000000
0.0899920000000000
0.0709910000000000
0.0507220000000000
0.0293380000000000
0.00964760000000000
-0.00957340000000000
-0.0305350000000000
-0.0516150000000000
-0.0708870000000000
-0.0903440000000000
-0.111740000000000
-0.132670000000000
-0.151590000000000
-0.171570000000000
-0.193780000000000
-0.214060000000000
-0.231700000000000
-0.253410000000000
-0.278640000000000
-0.290660000000000
-0.274590000000000
-0.237840000000000
-0.198560000000000
-0.163230000000000
-0.127420000000000
-0.0901360000000000
-0.0538630000000000
-0.0177260000000000
0.0194130000000000
0.0552650000000000
0.0892570000000000
0.123920000000000
0.158730000000000
0.191710000000000
0.225470000000000
0.261720000000000
0.295760000000000
0.326660000000000
0.362820000000000
0.403100000000000
0.426660000000000
0.416750000000000
0.383100000000000
0.345490000000000
0.311180000000000
0.277950000000000
0.244540000000000
0.209630000000000
0.173490000000000
0.140440000000000
0.109380000000000
0.0709590000000000
0.0315820000000000
0.0218460000000000
0.0565130000000000
0.101430000000000
0.111920000000000
0.0859240000000000
0.0533270000000000
0.0287340000000000
0.00476690000000000
-0.0238570000000000
-0.0536860000000000
-0.0784020000000000
-0.0865950000000000
-0.0682770000000000
-0.0332100000000000
-0.00253750000000000
0.0203940000000000
0.0501590000000000
0.0855980000000000
0.103810000000000
0.0917690000000000
0.0625990000000000
0.0326710000000000
0.00516870000000000
-0.0219210000000000
-0.0489400000000000
-0.0788950000000000
-0.110030000000000
-0.126970000000000
-0.114430000000000
-0.0805790000000000
-0.0476430000000000
-0.0234970000000000
0.00276820000000000
0.0369140000000000
0.0671260000000000
0.0779060000000000
0.0658670000000000
0.0403910000000000
0.0137350000000000
-0.00741870000000000
-0.0268450000000000
-0.0519660000000000
-0.0792200000000000
-0.0937670000000000
-0.0879190000000000
-0.0705680000000000
-0.0524680000000000
-0.0345810000000000
-0.0161430000000000
-0.00372300000000000
-0.00419480000000000
-0.0156580000000000
-0.0314530000000000
-0.0451510000000000
-0.0498760000000000
-0.0403430000000000
-0.0203090000000000
0.000759360000000000
0.0183320000000000
0.0354170000000000
0.0545430000000000
0.0740350000000000
0.0920230000000000
0.109630000000000
0.128470000000000
0.147830000000000
0.165980000000000
0.183400000000000
0.202200000000000
0.222010000000000
0.239820000000000
0.256110000000000
0.276460000000000
0.299300000000000
0.308470000000000
0.288420000000000
0.244910000000000
0.197480000000000
0.155910000000000
0.115090000000000
0.0701460000000000
0.0243500000000000
-0.0148900000000000
-0.0399510000000000
-0.0469130000000000
-0.0436160000000000
-0.0473890000000000
-0.0673520000000000
-0.0956710000000000
-0.123160000000000
-0.151150000000000
-0.181480000000000
-0.209300000000000
-0.234800000000000
-0.266020000000000
-0.297850000000000
-0.307230000000000
-0.282410000000000
-0.241430000000000
-0.205170000000000
-0.172860000000000
-0.136280000000000
-0.0993430000000000
-0.0666280000000000
-0.0313920000000000
0.00890070000000000
0.0388610000000000
0.0418800000000000
0.0208490000000000
-0.00846990000000000
-0.0350410000000000
-0.0577150000000000
-0.0815400000000000
-0.110880000000000
-0.138160000000000
-0.145610000000000
-0.125660000000000
-0.0919280000000000
-0.0594500000000000
-0.0291570000000000
-0.00100850000000000
0.0129520000000000
0.00455700000000000
-0.0148900000000000
-0.0297620000000000
-0.0402290000000000
-0.0551690000000000
-0.0729240000000000
-0.0830140000000000
-0.0814380000000000
-0.0744470000000000
-0.0678650000000000
-0.0616330000000000
-0.0544290000000000
-0.0476170000000000
-0.0421560000000000
-0.0356900000000000
-0.0266940000000000
-0.0214390000000000
-0.0309880000000000
-0.0586340000000000
-0.0948120000000000
-0.128550000000000
-0.158950000000000
-0.192040000000000
-0.227600000000000
-0.256120000000000
-0.270670000000000
-0.277310000000000
-0.286090000000000
-0.297520000000000
-0.305850000000000
-0.312570000000000
-0.324510000000000
-0.337320000000000
-0.334540000000000
-0.307760000000000
-0.267980000000000
-0.229370000000000
-0.194590000000000
-0.159120000000000
-0.121810000000000
-0.0846380000000000
-0.0490220000000000
-0.0140480000000000
0.0242450000000000
0.0645570000000000
0.0901920000000000
0.0800660000000000
0.0432300000000000
0.0205300000000000
0.0395990000000000
0.0782610000000000
0.0957100000000000
0.0809690000000000
0.0540050000000000
0.0282190000000000
0.00312380000000000
-0.0161460000000000
-0.0167820000000000
0.00126880000000000
0.0236700000000000
0.0411150000000000
0.0575580000000000
0.0774950000000000
0.0976000000000000
0.114660000000000
0.131950000000000
0.152180000000000
0.171810000000000
0.188220000000000
0.205800000000000
0.227910000000000
0.246570000000000
0.249140000000000
0.233130000000000
0.208230000000000
0.183760000000000
0.161840000000000
0.140340000000000
0.117450000000000
0.0934920000000000
0.0709250000000000
0.0501760000000000
0.0270440000000000
0.000422660000000000
-0.0187320000000000
-0.0157010000000000
0.0101530000000000
0.0449560000000000
0.0774810000000000
0.107160000000000
0.137320000000000
0.169700000000000
0.203440000000000
0.231340000000000
0.241910000000000
0.232510000000000
0.214730000000000
0.200170000000000
0.188410000000000
0.174340000000000
0.158940000000000
0.145460000000000
0.132630000000000
0.118110000000000
0.103310000000000
0.0900500000000000
0.0772990000000000
0.0643130000000000
0.0522630000000000
0.0410890000000000
0.0290890000000000
0.0163660000000000
0.00463380000000000
-0.00644890000000000
-0.0191440000000000
-0.0326220000000000
-0.0413800000000000
-0.0404670000000000
-0.0315480000000000
-0.0210520000000000
-0.0129630000000000
-0.00545880000000000
0.00454910000000000
0.0151630000000000
0.0197920000000000
0.0135100000000000
-0.00166040000000000
-0.0191110000000000
-0.0342700000000000
-0.0483140000000000
-0.0641610000000000
-0.0809110000000000
-0.0955540000000000
-0.109270000000000
-0.126550000000000
-0.144890000000000
-0.152680000000000
-0.141850000000000
-0.119150000000000
-0.0969150000000000
-0.0785990000000000
-0.0592860000000000
-0.0375530000000000
-0.0173730000000000
0.000796130000000000
0.0226460000000000
0.0514260000000000
0.0832790000000000
0.114240000000000
0.145150000000000
0.177220000000000
0.208570000000000
0.238550000000000
0.270400000000000
0.304220000000000
0.331200000000000
0.341470000000000
0.336800000000000
0.328570000000000
0.324320000000000
0.321010000000000
0.312060000000000
0.295570000000000
0.275150000000000
0.254660000000000
0.235140000000000
0.215580000000000
0.195470000000000
0.175300000000000
0.155000000000000
0.133530000000000
0.111210000000000
0.0897970000000000
0.0690670000000000
0.0466500000000000
0.0236910000000000
0.00613470000000000
-0.00264800000000000
-0.00688700000000000
-0.0119470000000000
-0.0181160000000000
-0.0238460000000000
-0.0305390000000000
-0.0395740000000000
-0.0491820000000000
-0.0578190000000000
-0.0667010000000000
-0.0761650000000000
-0.0847540000000000
-0.0942500000000000
-0.109250000000000
-0.129400000000000
-0.149370000000000
-0.167670000000000
-0.187400000000000
-0.208180000000000
-0.226600000000000
-0.244540000000000
-0.266940000000000
-0.288020000000000
-0.291490000000000
-0.269010000000000
-0.230980000000000
-0.194280000000000
-0.168450000000000
-0.154270000000000
-0.147830000000000
-0.143420000000000
-0.137250000000000
-0.130150000000000
-0.124170000000000
-0.118590000000000
-0.111970000000000
-0.105910000000000
-0.102200000000000
-0.0992410000000000
-0.0952790000000000
-0.0914140000000000
-0.0884240000000000
-0.0848890000000000
-0.0807080000000000
-0.0774860000000000
-0.0742880000000000
-0.0684130000000000
-0.0607300000000000
-0.0545000000000000
-0.0489390000000000
-0.0396000000000000
-0.0242830000000000
-0.00425260000000000
0.0183950000000000
0.0408030000000000
0.0607800000000000
0.0808210000000000
0.105060000000000
0.127960000000000
0.135280000000000
0.120770000000000
0.0947640000000000
0.0700780000000000
0.0489480000000000
0.0270790000000000
0.00329300000000000
-0.0205790000000000
-0.0437560000000000
-0.0672090000000000
-0.0915540000000000
-0.115980000000000
-0.139730000000000
-0.164300000000000
-0.191740000000000
-0.220170000000000
-0.245790000000000
-0.270420000000000
-0.300100000000000
-0.330870000000000
-0.346860000000000
-0.338570000000000
-0.315520000000000
-0.291770000000000
-0.271520000000000
-0.254100000000000
-0.243140000000000
-0.241280000000000
-0.244040000000000
-0.244980000000000
-0.243410000000000
-0.243080000000000
-0.245110000000000
-0.245250000000000
-0.239000000000000
-0.227960000000000
-0.217110000000000
-0.206860000000000
-0.194400000000000
-0.181760000000000
-0.172860000000000
-0.163650000000000
-0.146730000000000
-0.123540000000000
-0.0997530000000000
-0.0699680000000000
-0.0274660000000000
0.0167440000000000
0.0429640000000000
0.0520370000000000
0.0598140000000000
0.0701050000000000
0.0710900000000000
0.0586900000000000
0.0430060000000000
0.0345000000000000
0.0354500000000000
0.0439610000000000
0.0566200000000000
0.0695510000000000
0.0818160000000000
0.0928790000000000
0.0967670000000000
0.0879160000000000
0.0718230000000000
0.0582590000000000
0.0474370000000000
0.0339340000000000
0.0193700000000000
0.00794340000000000
-0.00442290000000000
-0.0209480000000000
-0.0297140000000000
-0.0151530000000000
0.0189940000000000
0.0552530000000000
0.0867530000000000
0.120650000000000
0.158000000000000
0.186940000000000
0.198450000000000
0.198030000000000
0.196280000000000
0.196810000000000
0.197330000000000
0.196640000000000
0.195970000000000
0.196530000000000
0.197390000000000
0.195250000000000
0.187070000000000
0.173540000000000
0.158390000000000
0.144240000000000
0.130660000000000
0.116550000000000
0.102000000000000
0.0877000000000000
0.0745540000000000
0.0637080000000000
0.0551530000000000
0.0471170000000000
0.0383000000000000
0.0294180000000000
0.0211570000000000
0.0126960000000000
0.00367040000000000
-0.00466530000000000
-0.0115750000000000
-0.0179370000000000
-0.0243120000000000
-0.0303570000000000
-0.0363650000000000
-0.0429100000000000
-0.0492690000000000
-0.0548230000000000
-0.0611580000000000
-0.0688570000000000
-0.0730130000000000
-0.0668030000000000
-0.0502910000000000
-0.0307210000000000
-0.0133430000000000
0.00324880000000000
0.0216740000000000
0.0403900000000000
0.0562330000000000
0.0686940000000000
0.0793900000000000
0.0894370000000000
0.0995550000000000
0.110340000000000
0.121210000000000
0.131020000000000
0.140070000000000
0.149230000000000
0.157970000000000
0.165860000000000
0.174690000000000
0.184940000000000
0.191750000000000
0.189070000000000
0.177590000000000
0.163640000000000
0.151140000000000
0.138990000000000
0.126050000000000
0.113680000000000
0.103260000000000
0.0942960000000000
0.0855180000000000
0.0758810000000000
0.0657760000000000
0.0585700000000000
0.0586250000000000
0.0656360000000000
0.0742940000000000
0.0809980000000000
0.0874740000000000
0.0958010000000000
0.103360000000000
0.105710000000000
0.102160000000000
0.0960220000000000
0.0902450000000000
0.0853090000000000
0.0802400000000000
0.0742730000000000
0.0684130000000000
0.0656920000000000
0.0684030000000000
0.0747100000000000
0.0806210000000000
0.0849390000000000
0.0898180000000000
0.0959190000000000
0.101100000000000
0.105100000000000
0.111160000000000
0.118280000000000
0.117430000000000
0.101920000000000
0.0780490000000000
0.0565340000000000
0.0382360000000000
0.0164540000000000
-0.00743820000000000
-0.0225520000000000
-0.0230670000000000
-0.0159220000000000
-0.00960750000000000
-0.00502420000000000
0.000319310000000000
0.00620340000000000
0.0115930000000000
0.0166910000000000
0.0219890000000000
0.0284310000000000
0.0378820000000000
0.0500690000000000
0.0617000000000000
0.0716380000000000
0.0833040000000000
0.0968000000000000
0.104200000000000
0.0984260000000000
0.0830900000000000
0.0667120000000000
0.0522800000000000
0.0376770000000000
0.0222630000000000
0.00716070000000000
-0.00775050000000000
-0.0228030000000000
-0.0365200000000000
-0.0475060000000000
-0.0568440000000000
-0.0664710000000000
-0.0768100000000000
-0.0870180000000000
-0.0966270000000000
-0.106250000000000
-0.116740000000000
-0.127110000000000
-0.134570000000000
-0.138010000000000
-0.139790000000000
-0.142140000000000
-0.144570000000000
-0.146480000000000
-0.148880000000000
-0.151680000000000
-0.153580000000000
-0.155200000000000
-0.157630000000000
-0.159060000000000
-0.158340000000000
-0.159080000000000
-0.162600000000000
-0.161270000000000
-0.147540000000000
-0.124830000000000
-0.100560000000000
-0.0751710000000000
-0.0485190000000000
-0.0292200000000000
-0.0265420000000000
-0.0380920000000000
-0.0549510000000000
-0.0698160000000000
-0.0751410000000000
-0.0636700000000000
-0.0413390000000000
-0.0269790000000000
-0.0324670000000000
-0.0496120000000000
-0.0651560000000000
-0.0773900000000000
-0.0917200000000000
-0.107880000000000
-0.121950000000000
-0.134720000000000
-0.149650000000000
-0.165590000000000
-0.179080000000000
-0.191590000000000
-0.207810000000000
-0.225220000000000
-0.232590000000000
-0.222090000000000
-0.199390000000000
-0.175700000000000
-0.155220000000000
-0.134640000000000
-0.112260000000000
-0.0902450000000000
-0.0695430000000000
-0.0482830000000000
-0.0259260000000000
-0.00451370000000000
0.0150110000000000
0.0340110000000000
0.0532760000000000
0.0721130000000000
0.0905360000000000
0.109520000000000
0.128880000000000
0.147540000000000
0.165880000000000
0.185050000000000
0.204440000000000
0.222760000000000
0.241030000000000
0.260610000000000
0.279910000000000
0.297390000000000
0.316020000000000
0.337600000000000
0.354110000000000
0.353590000000000
0.335390000000000
0.311070000000000
0.289350000000000
0.269060000000000
0.247170000000000
0.224940000000000
0.203790000000000
0.182520000000000
0.160590000000000
0.139050000000000
0.117180000000000
0.0930280000000000
0.0672810000000000
0.0421360000000000
0.0175440000000000
-0.00772970000000000
-0.0331060000000000
-0.0578110000000000
-0.0829810000000000
-0.108580000000000
-0.131310000000000
-0.149010000000000
-0.164450000000000
-0.180970000000000
-0.198030000000000
-0.213980000000000
-0.229950000000000
-0.247480000000000
-0.264240000000000
-0.275280000000000
-0.278180000000000
-0.275750000000000
-0.273430000000000
-0.274970000000000
-0.280370000000000
-0.288000000000000
-0.297610000000000
-0.308600000000000
-0.315720000000000
-0.311650000000000
-0.295730000000000
-0.275280000000000
-0.256580000000000
-0.239190000000000
-0.220610000000000
-0.201500000000000
-0.183370000000000
-0.165390000000000
-0.146550000000000
-0.127790000000000
-0.109820000000000
-0.0915750000000000
-0.0723770000000000
-0.0527480000000000
-0.0327530000000000
-0.0121030000000000
0.00842840000000000
0.0282640000000000
0.0483860000000000
0.0692330000000000
0.0895210000000000
0.109080000000000
0.129510000000000
0.150590000000000
0.170410000000000
0.189570000000000
0.210010000000000
0.230140000000000
0.247940000000000
0.266850000000000
0.289360000000000
0.306840000000000
0.307240000000000
0.291560000000000
0.271400000000000
0.252580000000000
0.233030000000000
0.214890000000000
0.206140000000000
0.210270000000000
0.222660000000000
0.235570000000000
0.239700000000000
0.226500000000000
0.196350000000000
0.159900000000000
0.126050000000000
0.0943170000000000
0.0612020000000000
0.0267830000000000
-0.00719670000000000
-0.0387120000000000
-0.0637410000000000
-0.0800230000000000
-0.0922260000000000
-0.106500000000000
-0.122280000000000
-0.136160000000000
-0.149470000000000
-0.164740000000000
-0.179810000000000
-0.192710000000000
-0.207020000000000
-0.224130000000000
-0.235580000000000
-0.231750000000000
-0.214320000000000
-0.193090000000000
-0.173840000000000
-0.155510000000000
-0.136190000000000
-0.116440000000000
-0.0973830000000000
-0.0783830000000000
-0.0575070000000000
-0.0345430000000000
-0.0118180000000000
0.00952700000000000
0.0315830000000000
0.0552310000000000
0.0775570000000000
0.0978200000000000
0.120900000000000
0.147170000000000
0.164340000000000
0.158860000000000
0.132740000000000
0.0999350000000000
0.0698580000000000
0.0421280000000000
0.0134080000000000
-0.0178740000000000
-0.0490820000000000
-0.0726580000000000
-0.0826660000000000
-0.0837270000000000
-0.0853830000000000
-0.0899200000000000
-0.0932250000000000
-0.0953050000000000
-0.0990670000000000
-0.102610000000000
-0.104060000000000
-0.109440000000000
-0.124580000000000
-0.144460000000000
-0.162090000000000
-0.179110000000000
-0.198510000000000
-0.216790000000000
-0.232730000000000
-0.251800000000000
-0.273150000000000
-0.285310000000000
-0.282110000000000
-0.270720000000000
-0.257830000000000
-0.245550000000000
-0.242140000000000
-0.258190000000000
-0.283350000000000
-0.289300000000000
-0.261950000000000
-0.217570000000000
-0.176910000000000
-0.142020000000000
-0.104220000000000
-0.0625450000000000
-0.0234530000000000
0.00862020000000000
0.0337900000000000
0.0542490000000000
0.0730540000000000
0.0933880000000000
0.115380000000000
0.136350000000000
0.155460000000000
0.175600000000000
0.198690000000000
0.219770000000000
0.229240000000000
0.222390000000000
0.205790000000000
0.189910000000000
0.177930000000000
0.165320000000000
0.149880000000000
0.135260000000000
0.123370000000000
0.110150000000000
0.0934140000000000
0.0798130000000000
0.0781540000000000
0.0891990000000000
0.106590000000000
0.125330000000000
0.141330000000000
0.147290000000000
0.137260000000000
0.116310000000000
0.0979460000000000
0.0923440000000000
0.0999550000000000
0.113750000000000
0.123170000000000
0.119300000000000
0.102810000000000
0.0833680000000000
0.0673840000000000
0.0513120000000000
0.0316500000000000
0.0143960000000000
0.00844660000000000
0.0150390000000000
0.0279230000000000
0.0407980000000000
0.0511350000000000
0.0607700000000000
0.0732270000000000
0.0870620000000000
0.0939720000000000
0.0878640000000000
0.0720750000000000
0.0526370000000000
0.0327960000000000
0.0191200000000000
0.0223920000000000
0.0435030000000000
0.0694310000000000
0.0907500000000000
0.112450000000000
0.138600000000000
0.158050000000000
0.156880000000000
0.137300000000000
0.113010000000000
0.0918560000000000
0.0719530000000000
0.0499690000000000
0.0264730000000000
0.00659940000000000
-0.00248670000000000
0.00152750000000000
0.0120310000000000
0.0208430000000000
0.0272100000000000
0.0350470000000000
0.0442780000000000
0.0518790000000000
0.0587630000000000
0.0678700000000000
0.0761450000000000
0.0765940000000000
0.0684280000000000
0.0580590000000000
0.0493260000000000
0.0398250000000000
0.0289600000000000
0.0226020000000000
0.0256240000000000
0.0342740000000000
0.0417480000000000
0.0472050000000000
0.0545130000000000
0.0632660000000000
0.0673350000000000
0.0622840000000000
0.0507620000000000
0.0384330000000000
0.0276720000000000
0.0164650000000000
0.00382440000000000
-0.00541210000000000
-0.00383720000000000
0.00907410000000000
0.0239680000000000
0.0305390000000000
0.0267510000000000
0.0174960000000000
0.00624830000000000
-0.00415060000000000
-0.00608020000000000
0.00931790000000000
0.0394470000000000
0.0686520000000000
0.0815920000000000
0.0767410000000000
0.0643720000000000
0.0531340000000000
0.0435640000000000
0.0331840000000000
0.0223050000000000
0.0121700000000000
0.00215140000000000
-0.00867340000000000
-0.0192830000000000
-0.0289310000000000
-0.0393890000000000
-0.0511850000000000
-0.0599460000000000
-0.0606420000000000
-0.0540660000000000
-0.0453100000000000
-0.0375390000000000
-0.0303980000000000
-0.0228840000000000
-0.0147760000000000
-0.00663500000000000
-0.000301990000000000
0.00198400000000000
0.000376090000000000
-0.00238010000000000
-0.00424460000000000
-0.00571450000000000
-0.00775720000000000
-0.0100020000000000
-0.0117850000000000
-0.0134150000000000
-0.0154860000000000
-0.0177710000000000
-0.0193050000000000
-0.0192150000000000
-0.0174770000000000
-0.0149830000000000
-0.0126410000000000
-0.0105590000000000
-0.00838400000000000
-0.00607630000000000
-0.00383420000000000
-0.00165910000000000
0.000561260000000000
0.00280930000000000
0.00505600000000000
0.00730560000000000
0.00945660000000000
0.0114180000000000
0.0132760000000000
0.0151120000000000
0.0169180000000000
0.0187600000000000
0.0206810000000000
0.0225230000000000
0.0242590000000000
0.0261390000000000
0.0281440000000000
0.0298930000000000
0.0314930000000000
0.0336480000000000
0.0359880000000000
0.0364540000000000
0.0334810000000000
0.0282230000000000
0.0230090000000000
0.0186140000000000
0.0141120000000000
0.00896540000000000
0.00392270000000000
4.20720000000000e-05
-0.00235870000000000
-0.00380040000000000
-0.00505760000000000
-0.00661420000000000
-0.00830450000000000
-0.00975450000000000
-0.0111560000000000
-0.0128940000000000
-0.0142390000000000
-0.0136880000000000
-0.0111370000000000
-0.00823460000000000
-0.00595060000000000
-0.00352270000000000
-0.000545500000000000
0.00200740000000000
0.00398000000000000
0.00694730000000000
0.0105750000000000
0.0108590000000000
0.00477290000000000
-0.00515690000000000
-0.0146140000000000
-0.0229480000000000
-0.0319360000000000
-0.0414140000000000
-0.0501610000000000
-0.0587550000000000
-0.0681580000000000
-0.0773560000000000
-0.0856330000000000
-0.0948310000000000
-0.105140000000000
-0.111760000000000
-0.110330000000000
-0.103500000000000
-0.0968840000000000
-0.0916750000000000
-0.0856620000000000
-0.0790170000000000
-0.0734450000000000
-0.0679660000000000
-0.0608770000000000
-0.0550180000000000
-0.0557750000000000
-0.0640450000000000
-0.0753110000000000
-0.0857570000000000
-0.0953730000000000
-0.105450000000000
-0.115940000000000
-0.126130000000000
-0.135950000000000
-0.146020000000000
-0.156490000000000
-0.166680000000000
-0.176400000000000
-0.186470000000000
-0.197110000000000
-0.207190000000000
-0.216470000000000
-0.226980000000000
-0.238790000000000
-0.246180000000000
-0.242620000000000
-0.229400000000000
-0.213910000000000
-0.200420000000000
-0.187280000000000
-0.172900000000000
-0.158650000000000
-0.145340000000000
-0.131560000000000
-0.116980000000000
-0.103650000000000
-0.0926450000000000
-0.0826150000000000
-0.0723550000000000
-0.0621340000000000
-0.0521510000000000
-0.0419460000000000
-0.0315840000000000
-0.0215220000000000
-0.0115220000000000
-0.00117340000000000
0.00912480000000000
0.0190340000000000
0.0291270000000000
0.0396350000000000
0.0497480000000000
0.0593970000000000
0.0699580000000000
0.0820820000000000
0.0948230000000000
0.107690000000000
0.121050000000000
0.134330000000000
0.146690000000000
0.159570000000000
0.174070000000000
0.186010000000000
0.188580000000000
0.181020000000000
0.169770000000000
0.159970000000000
0.151070000000000
0.141270000000000
0.131210000000000
0.121770000000000
0.112320000000000
0.102460000000000
0.0927030000000000
0.0831770000000000
0.0734790000000000
0.0637270000000000
0.0541240000000000
0.0444050000000000
0.0346060000000000
0.0250640000000000
0.0154640000000000
0.00549530000000000
-0.00422630000000000
-0.0135140000000000
-0.0233080000000000
-0.0335490000000000
-0.0428820000000000
-0.0518330000000000
-0.0626400000000000
-0.0733380000000000
-0.0770920000000000
-0.0704540000000000
-0.0584100000000000
-0.0472450000000000
-0.0376800000000000
-0.0274490000000000
-0.0165320000000000
-0.00612430000000000
0.00395000000000000
0.0143990000000000
0.0249860000000000
0.0353500000000000
0.0456780000000000
0.0560520000000000
0.0664390000000000
0.0769510000000000
0.0873810000000000
0.0975140000000000
0.107870000000000
0.118680000000000
0.128950000000000
0.138580000000000
0.149540000000000
0.161400000000000
0.168550000000000
0.166060000000000
0.156690000000000
0.146860000000000
0.138760000000000
0.130380000000000
0.121130000000000
0.112260000000000
0.103930000000000
0.0952150000000000
0.0859340000000000
0.0760030000000000
0.0649100000000000
0.0531740000000000
0.0420100000000000
0.0311170000000000
0.0195320000000000
0.00794860000000000
-0.00282160000000000
-0.0139230000000000
-0.0259430000000000
-0.0371650000000000
-0.0473430000000000
-0.0593500000000000
-0.0726260000000000
-0.0800720000000000
-0.0762040000000000
-0.0647170000000000
-0.0526230000000000
-0.0420610000000000
-0.0314090000000000
-0.0202490000000000
-0.00915180000000000
0.00186270000000000
0.0127390000000000
0.0234540000000000
0.0346380000000000
0.0460850000000000
0.0564730000000000
0.0667240000000000
0.0795250000000000
0.0910480000000000
0.0899080000000000
0.0704310000000000
0.0416380000000000
0.0151610000000000
-0.00821040000000000
-0.0336590000000000
-0.0606550000000000
-0.0854460000000000
-0.109490000000000
-0.136540000000000
-0.162930000000000
-0.179660000000000
-0.183950000000000
-0.182600000000000
-0.182540000000000
-0.184110000000000
-0.184670000000000
-0.184390000000000
-0.185090000000000
-0.186400000000000
-0.186520000000000
-0.186100000000000
-0.187590000000000
-0.189560000000000
-0.186130000000000
-0.173840000000000
-0.156450000000000
-0.139580000000000
-0.124370000000000
-0.108650000000000
-0.0920250000000000
-0.0759360000000000
-0.0604630000000000
-0.0443780000000000
-0.0279020000000000
-0.0121210000000000
0.00369660000000000
0.0209900000000000
0.0389630000000000
0.0560310000000000
0.0728640000000000
0.0907190000000000
0.108520000000000
0.125160000000000
0.142150000000000
0.160480000000000
0.177920000000000
0.193710000000000
0.211710000000000
0.232020000000000
0.244400000000000
0.238390000000000
0.217710000000000
0.194800000000000
0.175060000000000
0.155090000000000
0.133400000000000
0.112560000000000
0.0927310000000000
0.0717140000000000
0.0502890000000000
0.0303490000000000
0.00985470000000000
-0.0126660000000000
-0.0314280000000000
-0.0390330000000000
-0.0369570000000000
-0.0329860000000000
-0.0308090000000000
-0.0285960000000000
-0.0254530000000000
-0.0227530000000000
-0.0205440000000000
-0.0177380000000000
-0.0148860000000000
-0.0127290000000000
-0.00949070000000000
-0.00317690000000000
0.00493430000000000
0.0125050000000000
0.0196290000000000
0.0274020000000000
0.0352210000000000
0.0423190000000000
0.0497860000000000
0.0582160000000000
0.0649300000000000
0.0663910000000000
0.0626690000000000
0.0571790000000000
0.0524950000000000
0.0483760000000000
0.0437120000000000
0.0386950000000000
0.0341870000000000
0.0299800000000000
0.0251940000000000
0.0201380000000000
0.0158280000000000
0.0117150000000000
0.00639520000000000
0.00128180000000000
0.000200910000000000
0.00429110000000000
0.0104020000000000
0.0159600000000000
0.0213920000000000
0.0271430000000000
0.0323520000000000
0.0375850000000000
0.0442060000000000
0.0495170000000000
0.0473570000000000
0.0356060000000000
0.0193260000000000
0.00411620000000000
-0.00953270000000000
-0.0239040000000000
-0.0392260000000000
-0.0539430000000000
-0.0678410000000000
-0.0823360000000000
-0.0976650000000000
-0.112270000000000
-0.125830000000000
-0.140640000000000
-0.157130000000000
-0.169700000000000
-0.171120000000000
-0.161270000000000
-0.147430000000000
-0.135270000000000
-0.124230000000000
-0.112140000000000
-0.0995780000000000
-0.0878070000000000
-0.0762550000000000
-0.0640370000000000
-0.0517420000000000
-0.0399610000000000
-0.0281520000000000
-0.0161540000000000
-0.00493280000000000
0.00526780000000000
0.0156330000000000
0.0267420000000000
0.0376100000000000
0.0477500000000000
0.0581970000000000
0.0695260000000000
0.0806110000000000
0.0898460000000000
0.0957620000000000
0.0972100000000000
0.0955480000000000
0.0947840000000000
0.0962630000000000
0.0966190000000000
0.0947280000000000
0.0945360000000000
0.0966500000000000
0.0962170000000000
0.0935950000000000
0.0947540000000000
0.0979460000000000
0.0961300000000000