0.00490550000000000
0.0134860000000000
0.0208430000000000
0.0148000000000000
0.000918840000000000
-0.00475240000000000
0.00415690000000000
-0.00341200000000000
-0.0500750000000000
-0.109230000000000
-0.128510000000000
-0.0979330000000000
-0.0513750000000000
-0.0129780000000000
0.0241240000000000
0.0607290000000000
0.0797870000000000
0.0742850000000000
0.0560720000000000
0.0294690000000000
-0.0122730000000000
-0.0637570000000000
-0.108240000000000
-0.138280000000000
-0.154020000000000
-0.149200000000000
-0.117450000000000
-0.0661160000000000
-0.0140050000000000
0.0245240000000000
0.0477590000000000
0.0626890000000000
0.0720800000000000
0.0674470000000000
0.0383630000000000
-0.0132970000000000
-0.0728000000000000
-0.123620000000000
-0.155450000000000
-0.174880000000000
-0.205730000000000
-0.256690000000000
-0.284740000000000
-0.227370000000000
-0.0834440000000000
0.0724320000000000
0.172070000000000
0.212880000000000
0.224380000000000
0.217780000000000
0.187730000000000
0.133150000000000
0.0582110000000000
-0.0239910000000000
-0.0871200000000000
-0.108740000000000
-0.0959780000000000
-0.0757940000000000
-0.0628350000000000
-0.0460730000000000
-0.00663460000000000
0.0533380000000000
0.102380000000000
0.110010000000000
0.0849330000000000
0.0582220000000000
0.0289250000000000
-0.0278030000000000
-0.0969980000000000
-0.127980000000000
-0.109170000000000
-0.0673840000000000
-0.000202070000000000
0.110990000000000
0.211650000000000
0.216400000000000
0.139690000000000
0.0846080000000000
0.0718050000000000
0.0289800000000000
-0.0526310000000000
-0.0837940000000000
-0.0368410000000000
0.00405600000000000
-0.0176930000000000
-0.0610470000000000
-0.0795220000000000
-0.0729210000000000
-0.0295010000000000
0.0610020000000000
0.129940000000000
0.0828830000000000
-0.0561950000000000
-0.165180000000000
-0.192040000000000
-0.198630000000000
-0.238710000000000
-0.284280000000000
-0.272280000000000
-0.158560000000000
0.0522830000000000
0.286850000000000
0.438730000000000
0.462830000000000
0.400770000000000
0.297210000000000
0.160700000000000
0.0193100000000000
-0.0635990000000000
-0.0706710000000000
-0.0502170000000000
-0.0472920000000000
-0.0550890000000000
-0.0438210000000000
-0.00254960000000000
0.0429020000000000
0.0498910000000000
0.00437430000000000
-0.0532380000000000
-0.0662290000000000
-0.00957710000000000
0.110900000000000
0.259770000000000
0.338010000000000
0.237490000000000
0.00237940000000000
-0.170570000000000
-0.167970000000000
-0.0969980000000000
-0.0945180000000000
-0.128500000000000
-0.0911620000000000
0.00551260000000000
0.0505280000000000
-0.00877090000000000
-0.126310000000000
-0.228190000000000
-0.264640000000000
-0.229570000000000
-0.172000000000000
-0.136800000000000
-0.0942360000000000
0.0122540000000000
0.156140000000000
0.255510000000000
0.288340000000000
0.291840000000000
0.261500000000000
0.169180000000000
0.0607850000000000
0.0219820000000000
0.0421470000000000
0.0400490000000000
0.00760420000000000
0.0113110000000000
0.0619900000000000
0.115140000000000
0.172900000000000
0.257040000000000
0.306180000000000
0.239920000000000
0.0992030000000000
-0.00763620000000000
-0.0591750000000000
-0.0987940000000000
-0.128460000000000
-0.143020000000000
-0.180400000000000
-0.234780000000000
-0.216910000000000
-0.0833470000000000
0.107690000000000
0.308330000000000
0.491970000000000
0.546860000000000
0.362120000000000
0.0537930000000000
-0.127810000000000
-0.128630000000000
-0.125670000000000
-0.220760000000000
-0.324460000000000
-0.342320000000000
-0.264650000000000
-0.0937660000000000
0.127020000000000
0.249780000000000
0.169850000000000
-0.0193040000000000
-0.148850000000000
-0.180210000000000
-0.175220000000000
-0.156660000000000
-0.112280000000000
-0.0641360000000000
-0.0263840000000000
0.0357910000000000
0.135810000000000
0.226150000000000
0.279910000000000
0.325550000000000
0.375380000000000
0.396170000000000
0.362910000000000
0.274140000000000
0.129410000000000
-0.0323330000000000
-0.115340000000000
-0.0766930000000000
-0.0118670000000000
-0.0196890000000000
-0.0585660000000000
-0.0492390000000000
-0.0360590000000000
-0.0846980000000000
-0.116700000000000
-0.0354720000000000
0.0680980000000000
0.0414740000000000
-0.0807640000000000
-0.160490000000000
-0.192960000000000
-0.242120000000000
-0.234960000000000
-0.0610480000000000
0.189500000000000
0.318690000000000
0.299640000000000
0.245930000000000
0.174310000000000
0.0157560000000000
-0.177950000000000
-0.270280000000000
-0.262860000000000
-0.292860000000000
-0.403480000000000
-0.474110000000000
-0.392150000000000
-0.174170000000000
0.0897910000000000
0.308660000000000
0.392620000000000
0.311490000000000
0.186640000000000
0.205890000000000
0.391540000000000
0.540970000000000
0.449470000000000
0.137270000000000
-0.177850000000000
-0.294590000000000
-0.186640000000000
0.0102610000000000
0.123530000000000
0.0947560000000000
0.0226720000000000
0.0366580000000000
0.139060000000000
0.238500000000000
0.274380000000000
0.242250000000000
0.143630000000000
0.00902560000000000
-0.0815670000000000
-0.0808940000000000
-0.0505660000000000
-0.0785430000000000
-0.164930000000000
-0.235880000000000
-0.229670000000000
-0.126800000000000
0.0360130000000000
0.158900000000000
0.156320000000000
0.0772330000000000
0.0623770000000000
0.156740000000000
0.254400000000000
0.253030000000000
0.150780000000000
0.00209060000000000
-0.132670000000000
-0.187530000000000
-0.155980000000000
-0.124970000000000
-0.173230000000000
-0.254080000000000
-0.280470000000000
-0.259870000000000
-0.241930000000000
-0.202340000000000
-0.102520000000000
0.0199810000000000
0.126830000000000
0.244130000000000
0.356180000000000
0.365710000000000
0.269070000000000
0.213940000000000
0.262460000000000
0.275050000000000
0.172950000000000
0.103200000000000
0.184530000000000
0.295730000000000
0.284390000000000
0.193820000000000
0.108500000000000
-0.0381100000000000
-0.325510000000000
-0.628650000000000
-0.731990000000000
-0.581880000000000
-0.326500000000000
-0.144550000000000
-0.114390000000000
-0.186480000000000
-0.238320000000000
-0.191810000000000
-0.0934630000000000
-0.0500970000000000
-0.115170000000000
-0.273990000000000
-0.486420000000000
-0.687550000000000
-0.799550000000000
-0.797070000000000
-0.733750000000000
-0.667170000000000
-0.601940000000000
-0.538860000000000
-0.522830000000000
-0.590570000000000
-0.689290000000000
-0.711620000000000
-0.609220000000000
-0.465460000000000
-0.414680000000000
-0.516600000000000
-0.706630000000000
-0.885030000000000
-0.997990000000000
-1.04630000000000
-1.05090000000000
-1.05550000000000
-1.10490000000000
-1.18240000000000
-1.20000000000000
-1.08650000000000
-0.859510000000000
-0.588160000000000
-0.340870000000000
-0.171710000000000
-0.0816770000000000
0.0283420000000000
0.282060000000000
0.664680000000000
1.02180000000000
1.22630000000000
1.27900000000000
1.21870000000000
1.06670000000000
0.872850000000000
0.720100000000000
0.618030000000000
0.496450000000000
0.348500000000000
0.293800000000000
0.427270000000000
0.684190000000000
0.921840000000000
1.06060000000000
1.09330000000000
1.02650000000000
0.882360000000000
0.707940000000000
0.542140000000000
0.389700000000000
0.258870000000000
0.177560000000000
0.153020000000000
0.142510000000000
0.102260000000000
0.0321260000000000
-0.0403110000000000
-0.0890360000000000
-0.0979980000000000
-0.0777780000000000
-0.0744880000000000
-0.133380000000000
-0.257770000000000
-0.425430000000000
-0.617350000000000
-0.805760000000000
-0.925210000000000
-0.903040000000000
-0.684790000000000
-0.206930000000000
0.597230000000000
1.65160000000000
2.66900000000000
3.31960000000000
3.49850000000000
3.34210000000000
3.03310000000000
2.64490000000000
2.19740000000000
1.72650000000000
1.26920000000000
0.821470000000000
0.360660000000000
-0.120980000000000
-0.598840000000000
-1.01440000000000
-1.30640000000000
-1.46260000000000
-1.52820000000000
-1.55440000000000
-1.57230000000000
-1.63630000000000
-1.82260000000000
-2.13430000000000
-2.44300000000000
-2.59300000000000
-2.51970000000000
-2.24540000000000
-1.80730000000000
-1.25380000000000
-0.662910000000000
-0.100550000000000
0.394200000000000
0.755140000000000
0.927360000000000
1.00870000000000
1.18600000000000
1.43790000000000
1.46110000000000
1.04650000000000
0.402460000000000
-0.0732640000000000
-0.244180000000000
-0.270570000000000
-0.308500000000000
-0.380160000000000
-0.477180000000000
-0.611370000000000
-0.740140000000000
-0.760870000000000
-0.618330000000000
-0.377290000000000
-0.116680000000000
0.170270000000000
0.508290000000000
0.817100000000000
1.01780000000000
1.19960000000000
1.50030000000000
1.84980000000000
2.08880000000000
2.28620000000000
2.60120000000000
2.78540000000000
2.30550000000000
1.10060000000000
-0.162570000000000
-0.830870000000000
-0.855100000000000
-0.583580000000000
-0.344380000000000
-0.357110000000000
-0.663990000000000
-1.04230000000000
-1.22630000000000
-1.22460000000000
-1.21330000000000
-1.21650000000000
-1.15540000000000
-1.08150000000000
-1.05500000000000
-0.945540000000000
-0.647200000000000
-0.332350000000000
-0.197160000000000
-0.137140000000000
0.0288880000000000
0.207720000000000
0.184540000000000
0.00567850000000000
-0.0963710000000000
-0.0337120000000000
0.104660000000000
0.287680000000000
0.543240000000000
0.762100000000000
0.722990000000000
0.347010000000000
-0.201340000000000
-0.697620000000000
-1.00940000000000
-1.10660000000000
-1.03740000000000
-0.900860000000000
-0.740720000000000
-0.502990000000000
-0.149540000000000
0.258380000000000
0.642190000000000
0.982890000000000
1.25330000000000
1.39430000000000
1.43420000000000
1.48520000000000
1.52390000000000
1.32590000000000
0.756990000000000
0.00992280000000000
-0.577690000000000
-0.879200000000000
-1.04110000000000
-1.22190000000000
-1.40580000000000
-1.51270000000000
-1.57240000000000
-1.66910000000000
-1.80040000000000
-1.93380000000000
-2.10290000000000
-2.26330000000000
-2.12800000000000
-1.47640000000000
-0.534530000000000
0.237810000000000
0.720420000000000
1.08620000000000
1.37340000000000
1.49530000000000
1.56400000000000
1.73900000000000
1.94690000000000
2.10790000000000
2.36200000000000
2.64940000000000
2.41730000000000
1.33700000000000
-0.0194160000000000
-0.746240000000000
-0.655800000000000
-0.229030000000000
0.108970000000000
0.270120000000000
0.273610000000000
0.199570000000000
0.176600000000000
0.220280000000000
0.196820000000000
0.0483380000000000
-0.148200000000000
-0.354890000000000
-0.567740000000000
-0.667880000000000
-0.516290000000000
-0.175520000000000
0.173730000000000
0.436960000000000
0.603150000000000
0.665320000000000
0.687770000000000
0.779850000000000
0.888090000000000
0.795210000000000
0.427870000000000
-0.00853680000000000
-0.306890000000000
-0.468640000000000
-0.581320000000000
-0.662510000000000
-0.710560000000000
-0.786180000000000
-0.958090000000000
-1.22750000000000
-1.52190000000000
-1.74900000000000
-1.84150000000000
-1.80030000000000
-1.67560000000000
-1.50460000000000
-1.28630000000000
-1.03580000000000
-0.807000000000000
-0.642240000000000
-0.523400000000000
-0.390390000000000
-0.203800000000000
0.00319560000000000
0.159630000000000
0.261780000000000
0.398170000000000
0.620880000000000
0.859150000000000
1.02670000000000
1.14690000000000
1.29080000000000
1.46370000000000
1.63510000000000
1.79650000000000
1.90250000000000
1.84900000000000
1.59790000000000
1.23330000000000
0.833520000000000
0.401620000000000
-0.0103430000000000
-0.257150000000000
-0.273590000000000
-0.187820000000000
-0.155900000000000
-0.201770000000000
-0.259380000000000
-0.270850000000000
-0.186130000000000
0.00870090000000000
0.245250000000000
0.433060000000000
0.553320000000000
0.611660000000000
0.534640000000000
0.248580000000000
-0.188130000000000
-0.636520000000000
-1.04200000000000
-1.39830000000000
-1.63950000000000
-1.70050000000000
-1.64820000000000
-1.58180000000000
-1.48070000000000
-1.26230000000000
-0.962650000000000
-0.708660000000000
-0.565170000000000
-0.505980000000000
-0.509150000000000
-0.559460000000000
-0.610890000000000
-0.629250000000000
-0.630620000000000
-0.598980000000000
-0.440720000000000
-0.100630000000000
0.322420000000000
0.659050000000000
0.843450000000000
0.939020000000000
1.00640000000000
1.00760000000000
0.876480000000000
0.660980000000000
0.523330000000000
0.561680000000000
0.683960000000000
0.735070000000000
0.678600000000000
0.585170000000000
0.498740000000000
0.432130000000000
0.425010000000000
0.499410000000000
0.591800000000000
0.631000000000000
0.633070000000000
0.641510000000000
0.634260000000000
0.559230000000000
0.408490000000000
0.212150000000000
0.00600510000000000
-0.177360000000000
-0.323770000000000
-0.428600000000000
-0.469650000000000
-0.433020000000000
-0.370900000000000
-0.348150000000000
-0.359230000000000
-0.378570000000000
-0.474830000000000
-0.734920000000000
-1.11330000000000
-1.45990000000000
-1.68790000000000
-1.77100000000000
-1.67180000000000
-1.38850000000000
-1.00560000000000
-0.586250000000000
-0.134870000000000
0.278820000000000
0.516290000000000
0.557520000000000
0.538570000000000
0.539530000000000
0.502890000000000
0.417100000000000
0.399250000000000
0.520540000000000
0.692860000000000
0.800330000000000
0.820130000000000
0.788880000000000
0.738400000000000
0.689250000000000
0.637190000000000
0.570140000000000
0.527890000000000
0.583920000000000
0.715670000000000
0.785270000000000
0.703660000000000
0.537280000000000
0.393330000000000
0.284440000000000
0.164310000000000
0.0213430000000000
-0.124070000000000
-0.261980000000000
-0.386470000000000
-0.478430000000000
-0.520350000000000
-0.510040000000000
-0.467440000000000
-0.435160000000000
-0.451350000000000
-0.504400000000000
-0.549970000000000
-0.575020000000000
-0.602690000000000
-0.627160000000000
-0.607880000000000
-0.534070000000000
-0.429800000000000
-0.288200000000000
-0.0771780000000000
0.177570000000000
0.392630000000000
0.527890000000000
0.634970000000000
0.775590000000000
0.940870000000000
1.05930000000000
1.06640000000000
0.956790000000000
0.793650000000000
0.651510000000000
0.549160000000000
0.453760000000000
0.346240000000000
0.240650000000000
0.143160000000000
0.0385860000000000
-0.0754880000000000
-0.183310000000000
-0.287290000000000
-0.412040000000000
-0.555490000000000
-0.666150000000000
-0.689350000000000
-0.632950000000000
-0.568550000000000
-0.562860000000000
-0.599050000000000
-0.593000000000000
-0.505090000000000
-0.404450000000000
-0.377680000000000
-0.417110000000000
-0.454000000000000
-0.461020000000000
-0.455750000000000
-0.434890000000000
-0.381730000000000
-0.321180000000000
-0.298800000000000
-0.313760000000000
-0.330350000000000
-0.336030000000000
-0.333660000000000
-0.306740000000000
-0.250160000000000
-0.202780000000000
-0.190280000000000
-0.169830000000000
-0.0880430000000000
0.0386220000000000
0.159380000000000
0.265890000000000
0.368380000000000
0.432990000000000
0.415690000000000
0.342250000000000
0.290890000000000
0.306200000000000
0.369200000000000
0.443930000000000
0.509640000000000
0.546690000000000
0.526670000000000
0.432330000000000
0.273230000000000
0.0870700000000000
-0.0740550000000000
-0.163760000000000
-0.163990000000000
-0.0866890000000000
0.0289450000000000
0.139950000000000
0.229580000000000
0.314070000000000
0.396400000000000
0.437540000000000
0.399330000000000
0.308170000000000
0.229760000000000
0.190960000000000
0.165780000000000
0.133620000000000
0.105020000000000
0.0926180000000000
0.0930400000000000
0.100670000000000
0.111420000000000
0.114130000000000
0.101890000000000
0.0852780000000000
0.0714620000000000
0.0453350000000000
-0.00526670000000000
-0.0609370000000000
-0.0949060000000000
-0.109010000000000
-0.120370000000000
-0.127370000000000
-0.118320000000000
-0.100720000000000
-0.0921010000000000
-0.0882410000000000
-0.0689680000000000
-0.0332210000000000
-0.00304320000000000
0.00889400000000000
0.0125710000000000
0.0190850000000000
0.0254730000000000
0.0242040000000000
0.0168930000000000
0.0155130000000000
0.0345870000000000
0.0788000000000000
0.130020000000000
0.152130000000000
0.117760000000000
0.0320230000000000
-0.0739210000000000
-0.166130000000000
-0.227680000000000
-0.267700000000000
-0.310190000000000
-0.367200000000000
-0.420060000000000
-0.438610000000000
-0.417330000000000
-0.382590000000000
-0.358650000000000
-0.336840000000000
-0.286490000000000
-0.191920000000000
-0.0703430000000000
0.0503820000000000
0.157220000000000
0.251940000000000
0.333540000000000
0.388040000000000
0.388700000000000
0.307760000000000
0.148810000000000
-0.0257040000000000
-0.124900000000000
-0.111200000000000
-0.0248180000000000
0.0762570000000000
0.169500000000000
0.244490000000000
0.279640000000000
0.266210000000000
0.224210000000000
0.162940000000000
0.0671430000000000
-0.0558610000000000
-0.148500000000000
-0.154620000000000
-0.0708170000000000
0.0607330000000000
0.187920000000000
0.265900000000000
0.275130000000000
0.234620000000000
0.183170000000000
0.139570000000000
0.0924880000000000
0.0257160000000000
-0.0570400000000000
-0.132270000000000
-0.172180000000000
-0.160610000000000
-0.0991040000000000
-0.00642360000000000
0.0937270000000000
0.189070000000000
0.287220000000000
0.397400000000000
0.495550000000000
0.530290000000000
0.481280000000000
0.391690000000000
0.315910000000000
0.268060000000000
0.236280000000000
0.214410000000000
0.194080000000000
0.157480000000000
0.0997890000000000
0.0350010000000000
-0.0321490000000000
-0.114380000000000
-0.210180000000000
-0.296430000000000
-0.357310000000000
-0.392780000000000
-0.399620000000000
-0.380460000000000
-0.360690000000000
-0.365020000000000
-0.384280000000000
-0.394810000000000
-0.394610000000000
-0.392240000000000
-0.377020000000000
-0.331490000000000
-0.263050000000000
-0.194790000000000
-0.136270000000000
-0.0870580000000000
-0.0572220000000000
-0.0592000000000000
-0.0835480000000000
-0.103330000000000
-0.100600000000000
-0.0765240000000000
-0.0402200000000000
0.000271400000000000
0.0382940000000000
0.0738020000000000
0.113160000000000
0.156730000000000
0.197910000000000
0.243860000000000
0.315420000000000
0.405690000000000
0.465270000000000
0.455080000000000
0.393660000000000
0.321050000000000
0.245710000000000
0.164160000000000
0.0987210000000000
0.0705790000000000
0.0616830000000000
0.0478860000000000
0.0363190000000000
0.0305660000000000
-0.00369310000000000
-0.0860540000000000
-0.172570000000000
-0.214160000000000
-0.229830000000000
-0.268680000000000
-0.329300000000000
-0.369480000000000
-0.371170000000000
-0.348480000000000
-0.308200000000000
-0.249480000000000
-0.190750000000000
-0.156680000000000
-0.144370000000000
-0.134500000000000
-0.124890000000000
-0.125310000000000
-0.131460000000000
-0.132740000000000
-0.135610000000000
-0.149010000000000
-0.156210000000000
-0.133720000000000
-0.0894280000000000
-0.0476880000000000
-0.00804160000000000
0.0414520000000000
0.0803600000000000
0.0703660000000000
0.0118350000000000
-0.0548280000000000
-0.102470000000000
-0.133260000000000
-0.149130000000000
-0.145750000000000
-0.130550000000000
-0.112500000000000
-0.0843500000000000
-0.0432100000000000
-0.0115880000000000
-0.0102870000000000
-0.0283990000000000
-0.0488950000000000
-0.0790750000000000
-0.122560000000000
-0.148700000000000
-0.129230000000000
-0.0858560000000000
-0.0597760000000000
-0.0533880000000000
-0.0376140000000000
-0.00344160000000000
0.0337730000000000
0.0697000000000000
0.113980000000000
0.160060000000000
0.186390000000000
0.186920000000000
0.174400000000000
0.150750000000000
0.108580000000000
0.0622030000000000
0.0479950000000000
0.0783770000000000
0.124500000000000
0.152220000000000
0.159170000000000
0.164080000000000
0.172410000000000
0.169380000000000
0.148870000000000
0.132250000000000
0.143690000000000
0.172410000000000
0.181340000000000
0.152780000000000
0.109210000000000
0.0792790000000000
0.0681550000000000
0.0661990000000000
0.0700990000000000
0.0821640000000000
0.105870000000000
0.144690000000000
0.187180000000000
0.199210000000000
0.157520000000000
0.0883490000000000
0.0381600000000000
0.0165820000000000
-0.00235970000000000
-0.0299400000000000
-0.0524070000000000
-0.0643420000000000
-0.0787150000000000
-0.0975570000000000
-0.103400000000000
-0.0856790000000000
-0.0548900000000000
-0.0257420000000000
-0.00673980000000000
-0.00513010000000000
-0.0240920000000000
-0.0509190000000000
-0.0635890000000000
-0.0534440000000000
-0.0351400000000000
-0.0281940000000000
-0.0370920000000000
-0.0525630000000000
-0.0685400000000000
-0.0877500000000000
-0.114280000000000
-0.146320000000000
-0.179930000000000
-0.214400000000000
-0.249480000000000
-0.279610000000000
-0.296940000000000
-0.297460000000000
-0.278510000000000
-0.237240000000000
-0.178150000000000
-0.113160000000000
-0.0473820000000000
0.0250620000000000
0.100770000000000
0.154950000000000
0.165290000000000
0.138200000000000
0.0948850000000000
0.0457980000000000
0.00156130000000000
-0.0132010000000000
0.0137370000000000
0.0543670000000000
0.0708870000000000
0.0612300000000000
0.0500320000000000
0.0450580000000000
0.0317760000000000
0.00317460000000000
-0.0265850000000000
-0.0382200000000000
-0.0235350000000000
0.00835960000000000
0.0390620000000000
0.0587550000000000
0.0755130000000000
0.0975020000000000
0.115370000000000
0.114720000000000
0.0954520000000000
0.0662140000000000
0.0330670000000000
0.00930930000000000
0.0156830000000000
0.0560690000000000
0.108160000000000
0.150990000000000
0.178340000000000
0.184080000000000
0.160330000000000
0.118370000000000
0.0793760000000000
0.0440930000000000
-0.00375110000000000
-0.0606890000000000
-0.102820000000000
-0.120440000000000
-0.128050000000000
-0.138060000000000
-0.151380000000000
-0.168540000000000
-0.188890000000000
-0.203360000000000
-0.204520000000000
-0.195130000000000
-0.179580000000000
-0.159490000000000
-0.139400000000000
-0.118040000000000
-0.0802740000000000
-0.0179180000000000
0.0507430000000000
0.107150000000000
0.158950000000000
0.210350000000000
0.231740000000000
0.196110000000000
0.126590000000000
0.0651730000000000
0.0201040000000000
-0.0232680000000000
-0.0611130000000000
-0.0810080000000000
-0.0912030000000000
-0.105770000000000
-0.116970000000000
-0.110890000000000
-0.0961300000000000
-0.0904690000000000
-0.0955420000000000
-0.101270000000000
-0.101630000000000
-0.0925660000000000
-0.0715650000000000
-0.0453830000000000
-0.0218450000000000
0.00567110000000000
0.0410510000000000
0.0615970000000000
0.0430810000000000
0.00673260000000000
-0.00124400000000000
0.0285080000000000
0.0667280000000000
0.104610000000000
0.161440000000000
0.230270000000000
0.270460000000000
0.265420000000000
0.241550000000000
0.214460000000000
0.167350000000000
0.0951910000000000
0.0268350000000000
-0.0149470000000000
-0.0378500000000000
-0.0532060000000000
-0.0586630000000000
-0.0549180000000000
-0.0528310000000000
-0.0566770000000000
-0.0617470000000000
-0.0682090000000000
-0.0797920000000000
-0.0921940000000000
-0.0985350000000000
-0.100380000000000
-0.101650000000000
-0.100210000000000
-0.0944730000000000
-0.0876110000000000
-0.0803750000000000
-0.0709940000000000
-0.0637880000000000
-0.0658640000000000
-0.0763960000000000
-0.0899360000000000
-0.106570000000000
-0.123410000000000
-0.124760000000000
-0.0965870000000000
-0.0483460000000000
-0.00300450000000000
0.0276240000000000
0.0476820000000000
0.0646930000000000
0.0852320000000000
0.116360000000000
0.156410000000000
0.190530000000000
0.206650000000000
0.212850000000000
0.223890000000000
0.235890000000000
0.228850000000000
0.195930000000000
0.157060000000000
0.135850000000000
0.133310000000000
0.133420000000000
0.128790000000000
0.125460000000000
0.124660000000000
0.116760000000000
0.0981280000000000
0.0792580000000000
0.0693620000000000
0.0684340000000000
0.0769620000000000
0.0895930000000000
0.0773220000000000
0.00856560000000000
-0.0925570000000000
-0.152760000000000
-0.132590000000000
-0.0725050000000000
-0.0239290000000000
0.0152760000000000
0.0625320000000000
0.0899620000000000
0.0586780000000000
-0.0126600000000000
-0.0692440000000000
-0.0924290000000000
-0.105950000000000
-0.119950000000000
-0.118430000000000
-0.0961460000000000
-0.0702290000000000
-0.0529890000000000
-0.0410270000000000
-0.0310790000000000
-0.0261330000000000
-0.0236870000000000
-0.0133690000000000
0.0109200000000000
0.0436600000000000
0.0746010000000000
0.0982370000000000
0.117470000000000
0.136790000000000
0.152870000000000
0.157350000000000
0.151740000000000
0.147700000000000
0.147520000000000
0.137850000000000
0.111230000000000
0.0787840000000000
0.0507910000000000
0.0222580000000000
-0.0113910000000000
-0.0430120000000000
-0.0721840000000000
-0.114290000000000
-0.169300000000000
-0.203130000000000
-0.185240000000000
-0.131000000000000
-0.0760780000000000
-0.0279340000000000
0.0298940000000000
0.0948710000000000
0.141770000000000
0.157760000000000
0.156510000000000
0.153460000000000
0.150760000000000
0.146530000000000
0.140510000000000
0.129470000000000
0.112060000000000
0.0941870000000000
0.0791020000000000
0.0595120000000000
0.0322730000000000
0.0107070000000000
0.00793420000000000
0.0126090000000000
-0.00131790000000000
-0.0454740000000000
-0.104800000000000
-0.155180000000000
-0.184830000000000
-0.203590000000000
-0.228030000000000
-0.253350000000000
-0.248880000000000
-0.197510000000000
-0.130800000000000
-0.0982840000000000
-0.109610000000000
-0.129080000000000
-0.126890000000000
-0.105370000000000
-0.0785860000000000
-0.0531630000000000
-0.0350410000000000
-0.0293560000000000
-0.0299330000000000
-0.0264300000000000
-0.0208710000000000
-0.0225790000000000
-0.0327960000000000
-0.0476120000000000
-0.0676210000000000
-0.0894750000000000
-0.0983360000000000
-0.0822050000000000
-0.0475090000000000
-0.00859880000000000
0.0296710000000000
0.0693160000000000
0.103560000000000
0.115300000000000
0.0968820000000000
0.0654520000000000
0.0487060000000000
0.0554060000000000
0.0744340000000000
0.101780000000000
0.146880000000000
0.197040000000000
0.208790000000000
0.156620000000000
0.0722370000000000
0.00304720000000000
-0.0391180000000000
-0.0664170000000000
-0.0742140000000000
-0.0501150000000000
-0.00527810000000000
0.0309240000000000
0.0437150000000000
0.0389410000000000
0.0251320000000000
0.00657970000000000
-0.00973650000000000
-0.0183960000000000
-0.0229420000000000
-0.0291270000000000
-0.0349130000000000
-0.0365710000000000
-0.0388280000000000
-0.0504170000000000
-0.0738130000000000
-0.105720000000000
-0.144080000000000
-0.180500000000000
-0.193470000000000
-0.166550000000000
-0.116430000000000
-0.0778790000000000
-0.0634200000000000
-0.0567400000000000
-0.0453850000000000
-0.0286610000000000
0.00328410000000000
0.0601180000000000
0.114830000000000
0.119040000000000
0.0665440000000000
0.00279180000000000
-0.0399090000000000
-0.0695850000000000
-0.0903100000000000
-0.0816620000000000
-0.0409900000000000
0.00195900000000000
0.0282400000000000
0.0462460000000000
0.0531920000000000
0.0236160000000000
-0.0443760000000000
-0.112140000000000
-0.146930000000000
-0.152420000000000
-0.140520000000000
-0.109400000000000
-0.0623020000000000
-0.0159530000000000
0.0187060000000000
0.0416040000000000
0.0461740000000000
0.0253940000000000
-0.00692490000000000
-0.0289310000000000
-0.0462080000000000
-0.0825260000000000
-0.129370000000000
-0.141740000000000
-0.0957860000000000
-0.0218200000000000
0.0401460000000000
0.0841380000000000
0.119740000000000
0.138630000000000
0.128880000000000
0.102660000000000
0.0833840000000000
0.0766710000000000
0.0728010000000000
0.0684100000000000
0.0666040000000000
0.0646430000000000
0.0574130000000000
0.0471990000000000
0.0384730000000000
0.0300830000000000
0.0200940000000000
0.0100620000000000
-0.000260580000000000
-0.0141950000000000
-0.0308130000000000
-0.0428850000000000
-0.0441670000000000
-0.0342750000000000
-0.0172110000000000
-0.00148590000000000
0.00134840000000000
-0.0143650000000000
-0.0409200000000000
-0.0642670000000000
-0.0756130000000000
-0.0755070000000000
-0.0706480000000000
-0.0674900000000000
-0.0647120000000000
-0.0537740000000000
-0.0306980000000000
-0.00405820000000000
0.0131250000000000
0.0148530000000000
0.00290280000000000
-0.0176720000000000
-0.0363560000000000
-0.0398590000000000
-0.0232080000000000
0.00523260000000000
0.0348170000000000
0.0606250000000000
0.0826520000000000
0.103940000000000
0.129070000000000
0.154050000000000
0.163800000000000
0.147870000000000
0.115370000000000
0.0831470000000000
0.0582740000000000
0.0388430000000000
0.0243210000000000
0.0138280000000000
0.00321320000000000
-0.00775580000000000
-0.0116140000000000
-0.00446630000000000
0.00658850000000000
0.0143190000000000
0.0208610000000000
0.0299880000000000
0.0388600000000000
0.0444370000000000
0.0503490000000000
0.0606010000000000
0.0693180000000000
0.0641680000000000
0.0393110000000000
0.00191880000000000
-0.0351960000000000
-0.0632380000000000
-0.0810930000000000
-0.0926780000000000
-0.102550000000000
-0.113410000000000
-0.125470000000000
-0.136430000000000
-0.143400000000000
-0.146450000000000
-0.148590000000000
-0.151270000000000
-0.153540000000000
-0.156570000000000
-0.164400000000000
-0.176080000000000
-0.183350000000000
-0.181360000000000
-0.177030000000000
-0.176060000000000
-0.168930000000000
-0.141860000000000
-0.0986240000000000
-0.0552350000000000
-0.0168360000000000
0.0250920000000000
0.0700470000000000
0.101820000000000
0.110110000000000
0.105990000000000
0.104920000000000
0.108180000000000
0.107850000000000
0.101010000000000
0.0889890000000000
0.0715600000000000
0.0517180000000000
0.0408770000000000
0.0488780000000000
0.0697770000000000
0.0873820000000000
0.0924600000000000
0.0886360000000000
0.0835170000000000
0.0819030000000000
0.0855960000000000
0.0931150000000000
0.100930000000000
0.109330000000000
0.124580000000000
0.148650000000000
0.169460000000000
0.170030000000000
0.147530000000000
0.115780000000000
0.0870000000000000
0.0607600000000000
0.0322600000000000
0.00270870000000000
-0.0246720000000000
-0.0516370000000000
-0.0817620000000000
-0.112660000000000
-0.137060000000000
-0.150590000000000
-0.153400000000000
-0.145630000000000
-0.126830000000000
-0.100560000000000
-0.0737680000000000
-0.0509490000000000
-0.0311070000000000
-0.0117470000000000
0.00768020000000000
0.0277110000000000
0.0510770000000000
0.0779090000000000
0.101580000000000
0.115040000000000
0.120560000000000
0.127300000000000
0.136370000000000
0.135370000000000
0.112990000000000
0.0754670000000000
0.0388710000000000
0.00956150000000000
-0.0189690000000000
-0.0484130000000000
-0.0680310000000000
-0.0692880000000000
-0.0585100000000000
-0.0458020000000000
-0.0320300000000000
-0.0151390000000000
0.000577330000000000
0.0109470000000000
0.0190750000000000
0.0284430000000000
0.0342870000000000
0.0283460000000000
0.00683190000000000
-0.0282830000000000
-0.0656220000000000
-0.0824930000000000
-0.0637130000000000
-0.0273930000000000
-0.0103050000000000
-0.0256310000000000
-0.0500660000000000
-0.0587280000000000
-0.0508930000000000
-0.0381270000000000
-0.0235160000000000
-0.00546370000000000
0.0136410000000000
0.0319540000000000
0.0506170000000000
0.0659280000000000
0.0706570000000000
0.0671410000000000
0.0660680000000000
0.0697790000000000
0.0681300000000000
0.0545060000000000
0.0339070000000000
0.0120790000000000
-0.0119630000000000
-0.0369240000000000
-0.0537950000000000
-0.0552940000000000
-0.0446410000000000
-0.0301250000000000
-0.0176270000000000
-0.00968710000000000
-0.00728560000000000
-0.00967000000000000
-0.0147510000000000
-0.0195010000000000
-0.0218520000000000
-0.0241640000000000
-0.0299290000000000
-0.0330550000000000
-0.0199120000000000
0.0112830000000000
0.0456740000000000
0.0754470000000000
0.111850000000000
0.156970000000000
0.183790000000000
0.167470000000000
0.123460000000000
0.0856660000000000
0.0617270000000000
0.0375390000000000
0.0150700000000000
0.0112340000000000
0.0245290000000000
0.0351480000000000
0.0379480000000000
0.0472250000000000
0.0627680000000000
0.0605900000000000
0.0261480000000000
-0.0193810000000000
-0.0421870000000000
-0.0305250000000000
0.000132280000000000
0.0286530000000000
0.0416110000000000
0.0350480000000000
0.0139090000000000
-0.0113320000000000
-0.0332060000000000
-0.0516140000000000
-0.0674220000000000
-0.0778570000000000
-0.0822940000000000
-0.0872070000000000
-0.0978540000000000
-0.106970000000000
-0.100570000000000
-0.0735490000000000
-0.0351870000000000
0.00123280000000000
0.0283860000000000
0.0478110000000000
0.0660820000000000
0.0875050000000000
0.107110000000000
0.114330000000000
0.105170000000000
0.0876530000000000
0.0715100000000000
0.0582960000000000
0.0446820000000000
0.0305550000000000
0.0179110000000000
0.00625790000000000
-0.00646000000000000
-0.0208380000000000
-0.0376850000000000
-0.0595550000000000
-0.0848030000000000
-0.102390000000000
-0.0994240000000000
-0.0754300000000000
-0.0462530000000000
-0.0316810000000000
-0.0395250000000000
-0.0611170000000000
-0.0834430000000000
-0.0995060000000000
-0.107090000000000
-0.104310000000000
-0.0928140000000000
-0.0779260000000000
-0.0607280000000000
-0.0356610000000000
-0.00550930000000000
0.00983780000000000
-0.00677800000000000
-0.0426340000000000
-0.0666580000000000
-0.0645010000000000
-0.0496390000000000
-0.0381830000000000
-0.0316150000000000
-0.0244030000000000
-0.0171260000000000
-0.0162250000000000
-0.0282560000000000
-0.0551410000000000
-0.0893860000000000
-0.114200000000000
-0.115060000000000
-0.0934980000000000
-0.0643190000000000
-0.0390200000000000
-0.0167240000000000
0.00859970000000000
0.0365540000000000
0.0586680000000000
0.0673600000000000
0.0635180000000000
0.0539290000000000
0.0441580000000000
0.0365500000000000
0.0315550000000000
0.0288910000000000
0.0283730000000000
0.0301820000000000
0.0311800000000000
0.0247040000000000
0.00805100000000000
-0.0129500000000000
-0.0331470000000000
-0.0541500000000000
-0.0735720000000000
-0.0786370000000000
-0.0636480000000000
-0.0412270000000000
-0.0200790000000000
0.0133220000000000
0.0681510000000000
0.118100000000000
0.126460000000000
0.0937150000000000
0.0508230000000000
0.0116300000000000
-0.0327920000000000
-0.0756510000000000
-0.0885410000000000
-0.0622980000000000
-0.0235160000000000
0.00143180000000000
0.0134540000000000
0.0244910000000000
0.0362120000000000
0.0472210000000000
0.0595670000000000
0.0685430000000000
0.0617770000000000
0.0416680000000000
0.0311110000000000
0.0469390000000000
0.0765950000000000
0.0947860000000000
0.0918880000000000
0.0780690000000000
0.0639800000000000
0.0522030000000000
0.0435980000000000
0.0406760000000000
0.0419500000000000
0.0438760000000000
0.0499050000000000
0.0682100000000000
0.0943550000000000
0.107680000000000
0.0931230000000000
0.0601020000000000
0.0290990000000000
0.00877810000000000
-0.00412570000000000
-0.0101910000000000
-0.00585530000000000
0.00765750000000000
0.0240520000000000
0.0393300000000000
0.0545290000000000
0.0733630000000000
0.0988690000000000
0.125530000000000
0.137600000000000
0.124130000000000
0.0949850000000000
0.0708190000000000
0.0623380000000000
0.0666400000000000
0.0785450000000000
0.0916130000000000
0.0933290000000000
0.0728730000000000
0.0344920000000000
-0.00834900000000000
-0.0479220000000000
-0.0819580000000000
-0.104580000000000
-0.111380000000000
-0.109210000000000
-0.110870000000000
-0.121300000000000
-0.137380000000000
-0.157580000000000
-0.183610000000000
-0.210020000000000
-0.221790000000000
-0.206320000000000
-0.167320000000000
-0.121610000000000
-0.0834250000000000
-0.0523470000000000
-0.0192110000000000
0.0167460000000000
0.0432060000000000
0.0501210000000000
0.0424080000000000
0.0311850000000000
0.0209480000000000
0.0111100000000000
0.00264950000000000
-0.00335470000000000
-0.00788430000000000
-0.0112320000000000
-0.0137690000000000
-0.0188170000000000
-0.0271550000000000
-0.0323590000000000
-0.0336670000000000
-0.0458240000000000
-0.0799810000000000
-0.119420000000000
-0.135550000000000
-0.122040000000000
-0.0969610000000000
-0.0753710000000000
-0.0586380000000000
-0.0435030000000000
-0.0274050000000000
-0.0109630000000000
-0.00315720000000000
-0.0149560000000000
-0.0390620000000000
-0.0514830000000000
-0.0379520000000000
-0.00826650000000000
0.0217050000000000
0.0447720000000000
0.0582780000000000
0.0607370000000000
0.0578580000000000
0.0589610000000000
0.0666610000000000
0.0781780000000000
0.0908470000000000
0.0975640000000000
0.0870880000000000
0.0601580000000000
0.0319680000000000
0.00993690000000000
-0.0154490000000000
-0.0475670000000000
-0.0714810000000000
-0.0757540000000000
-0.0675370000000000
-0.0552640000000000
-0.0396440000000000
-0.0306830000000000
-0.0473920000000000
-0.0859130000000000
-0.114210000000000
-0.109970000000000
-0.0836810000000000
-0.0540960000000000
-0.0271570000000000
-0.00595610000000000
0.00178650000000000
-0.00288960000000000
-0.00933490000000000
-0.0137570000000000
-0.0193340000000000
-0.0201410000000000
-0.00392320000000000
0.0275650000000000
0.0589180000000000
0.0815280000000000
0.100630000000000
0.122380000000000
0.145840000000000
0.165370000000000
0.174330000000000
0.169890000000000
0.158640000000000
0.150400000000000
0.142140000000000
0.117000000000000
0.0653610000000000
0.00257180000000000
-0.0439790000000000
-0.0625570000000000
-0.0668370000000000
-0.0747800000000000
-0.0871060000000000
-0.0905870000000000
-0.0780780000000000
-0.0554290000000000
-0.0304890000000000
-0.00618440000000000
0.0150360000000000
0.0297990000000000
0.0398830000000000
0.0501660000000000
0.0593150000000000
0.0602800000000000
0.0516740000000000
0.0403300000000000
0.0290830000000000
0.0103830000000000
-0.0225960000000000
-0.0636840000000000
-0.0990480000000000
-0.121740000000000
-0.135650000000000
-0.144690000000000
-0.145850000000000
-0.136730000000000
-0.122030000000000
-0.105510000000000
-0.0836320000000000
-0.0543620000000000
-0.0257820000000000
-0.00818150000000000
-0.00285830000000000
-0.00398750000000000
-0.00638930000000000
-0.00515940000000000
0.00464930000000000
0.0224960000000000
0.0408830000000000
0.0529230000000000
0.0571380000000000
0.0547940000000000
0.0460760000000000
0.0276410000000000
-0.00539070000000000
-0.0426410000000000
-0.0492890000000000
0.00483980000000000
0.0947370000000000
0.152190000000000
0.136400000000000
0.0772500000000000
0.0283930000000000
0.00912230000000000
0.00360180000000000
-0.00318500000000000
-0.0155700000000000
-0.0346470000000000
-0.0564970000000000
-0.0715020000000000
-0.0759020000000000
-0.0743810000000000
-0.0668750000000000
-0.0477830000000000
-0.0222830000000000
-0.00741050000000000
-0.0126560000000000
-0.0304700000000000
-0.0493790000000000
-0.0642370000000000
-0.0740560000000000
-0.0794290000000000
-0.0831140000000000
-0.0851710000000000
-0.0805640000000000
-0.0669830000000000
-0.0498240000000000
-0.0340510000000000
-0.0177960000000000
0.00132810000000000
0.0207700000000000
0.0385750000000000
0.0572600000000000
0.0775070000000000
0.0941020000000000
0.102050000000000
0.102860000000000
0.101700000000000
0.101260000000000
0.100230000000000
0.0966380000000000
0.0897220000000000
0.0774730000000000
0.0556700000000000
0.0240530000000000
-0.00656610000000000
-0.0211290000000000
-0.0155320000000000
0.000596860000000000
0.0183630000000000
0.0339770000000000
0.0415340000000000
0.0342510000000000
0.0172930000000000
0.00441450000000000
0.00157380000000000
0.00215720000000000
0.00155190000000000
0.00455000000000000
0.0164570000000000
0.0346900000000000
0.0529550000000000
0.0654770000000000
0.0671620000000000
0.0561840000000000
0.0374680000000000
0.0195850000000000
0.00857240000000000
0.00558710000000000
0.00830320000000000
0.0132770000000000
0.0177590000000000
0.0209370000000000
0.0234590000000000
0.0265740000000000
0.0324580000000000
0.0445970000000000
0.0653170000000000
0.0906130000000000
0.107960000000000
0.103660000000000
0.0759390000000000
0.0414130000000000
0.0236340000000000
0.0332390000000000
0.0595340000000000
0.0840440000000000
0.0958720000000000
0.0934970000000000
0.0792560000000000
0.0590320000000000
0.0410760000000000
0.0277570000000000
0.0128130000000000
-0.00795280000000000
-0.0267380000000000
-0.0316420000000000
-0.0185530000000000
0.00801660000000000
0.0417080000000000
0.0708310000000000
0.0784150000000000
0.0539980000000000
0.00552650000000000
-0.0465200000000000
-0.0786810000000000
-0.0746930000000000
-0.0393170000000000
-0.00137800000000000
0.0107640000000000
-0.00333350000000000
-0.0239300000000000
-0.0408400000000000
-0.0559380000000000
-0.0624530000000000
-0.0482720000000000
-0.0207330000000000
0.000168630000000000
0.0127580000000000
0.0319760000000000
0.0527070000000000
0.0469760000000000
0.00738520000000000
-0.0360410000000000
-0.0584840000000000
-0.0705720000000000
-0.0890660000000000
-0.105960000000000
-0.107320000000000
-0.0988060000000000
-0.0914180000000000
-0.0829530000000000
-0.0706290000000000
-0.0618160000000000
-0.0567490000000000
-0.0415540000000000
-0.0141120000000000
0.00343950000000000
-0.00904200000000000
-0.0470380000000000
-0.0948420000000000
-0.137750000000000
-0.159010000000000
-0.146930000000000
-0.113080000000000
-0.0790150000000000
-0.0515830000000000
-0.0288660000000000
-0.0227000000000000
-0.0456200000000000
-0.0805810000000000
-0.0932950000000000
-0.0746390000000000
-0.0461490000000000
-0.0223550000000000
0.00192720000000000
0.0291750000000000
0.0514590000000000
0.0694260000000000
0.0915140000000000
0.109650000000000
0.100130000000000
0.0583980000000000
0.0127610000000000
-0.00866540000000000
-0.00758230000000000
-0.00219950000000000
6.31010000000000e-05
0.00286940000000000
0.00721340000000000
0.0104980000000000
0.0134020000000000
0.0181290000000000
0.0244480000000000
0.0315940000000000
0.0399940000000000
0.0495350000000000
0.0605050000000000
0.0747620000000000
0.0905490000000000
0.0997750000000000
0.0967370000000000
0.0857470000000000
0.0735670000000000
0.0606930000000000
0.0449590000000000
0.0273090000000000
0.00879430000000000
-0.00988780000000000
-0.0242540000000000
-0.0301040000000000
-0.0330350000000000
-0.0387790000000000
-0.0364750000000000
-0.00820750000000000
0.0393850000000000
0.0752240000000000
0.0793600000000000
0.0631790000000000
0.0456350000000000
0.0297790000000000
0.0116130000000000
-0.00399930000000000
-0.00989800000000000
-0.00812500000000000
-0.00483950000000000
-0.00172140000000000
0.000967440000000000
0.000242450000000000
-0.00544200000000000
-0.0133520000000000
-0.0207850000000000
-0.0272980000000000
-0.0327360000000000
-0.0373650000000000
-0.0428020000000000
-0.0489670000000000
-0.0526580000000000
-0.0520830000000000
-0.0496760000000000
-0.0465600000000000
-0.0384930000000000
-0.0205220000000000
0.00644990000000000
0.0361380000000000
0.0603710000000000
0.0733470000000000
0.0758590000000000
0.0752350000000000
0.0758980000000000
0.0718150000000000
0.0522800000000000
0.0159210000000000
-0.0239730000000000
-0.0498120000000000
-0.0553290000000000
-0.0501490000000000
-0.0466910000000000
-0.0459860000000000
-0.0394540000000000
-0.0224060000000000
0.000899230000000000
0.0245890000000000
0.0450820000000000
0.0583010000000000
0.0614520000000000
0.0590170000000000
0.0584510000000000
0.0604810000000000
0.0595060000000000
0.0524110000000000
0.0408710000000000
0.0270230000000000
0.0120740000000000
-0.00155190000000000
-0.0109320000000000
-0.0145900000000000
-0.0136020000000000
-0.0117220000000000
-0.0126510000000000
-0.0147080000000000
-0.0132020000000000
-0.00874490000000000
-0.00563270000000000
-0.00223490000000000
0.00609160000000000
0.0141430000000000
0.0106230000000000
-0.00645250000000000
-0.0301430000000000
-0.0586900000000000
-0.0891430000000000
-0.103040000000000
-0.0821210000000000
-0.0420990000000000
-0.0233790000000000
-0.0439550000000000
-0.0793880000000000
-0.0981990000000000
-0.0971720000000000
-0.0932310000000000
-0.0938210000000000
-0.0917380000000000
-0.0805350000000000
-0.0603940000000000
-0.0320430000000000
0.00355260000000000
0.0361520000000000
0.0496570000000000
0.0375350000000000
0.0101360000000000
-0.0197150000000000
-0.0455650000000000
-0.0625750000000000
-0.0646010000000000
-0.0534800000000000
-0.0390930000000000
-0.0283310000000000
-0.0206300000000000
-0.0161790000000000
-0.0177900000000000
-0.0236570000000000
-0.0278580000000000
-0.0296240000000000
-0.0334200000000000
-0.0390960000000000
-0.0404670000000000
-0.0339760000000000
-0.0226160000000000
-0.0106650000000000
0.000459100000000000
0.0115610000000000
0.0236120000000000
0.0353610000000000
0.0427210000000000
0.0428250000000000
0.0385710000000000
0.0354480000000000
0.0343820000000000
0.0306060000000000
0.0203680000000000
0.00567870000000000
-0.00935280000000000
-0.0245070000000000
-0.0405120000000000
-0.0519170000000000
-0.0503290000000000
-0.0367820000000000
-0.0229230000000000
-0.0181390000000000
-0.0225830000000000
-0.0339880000000000
-0.0506130000000000
-0.0650370000000000
-0.0685030000000000
-0.0645630000000000
-0.0636330000000000
-0.0607870000000000
-0.0381240000000000
0.00434860000000000
0.0411270000000000
0.0532680000000000
0.0503480000000000
0.0501350000000000
0.0552990000000000
0.0586660000000000
0.0577250000000000
0.0536170000000000
0.0462810000000000
0.0367580000000000
0.0290170000000000
0.0252190000000000
0.0214590000000000
0.0101140000000000
-0.0137730000000000
-0.0451970000000000
-0.0687560000000000
-0.0699720000000000
-0.0486740000000000
-0.0178680000000000
0.00915010000000000
0.0277470000000000
0.0421750000000000
0.0590360000000000
0.0772120000000000
0.0869210000000000
0.0834720000000000
0.0756660000000000
0.0705250000000000
0.0601650000000000
0.0354810000000000
0.00699550000000000
-0.00471210000000000
0.00613810000000000
0.0261400000000000
0.0414950000000000
0.0498770000000000
0.0566120000000000
0.0654010000000000
0.0727200000000000
0.0706260000000000
0.0562380000000000
0.0355800000000000
0.0149840000000000
-0.00450710000000000
-0.0230540000000000
-0.0400990000000000
-0.0591420000000000
-0.0804980000000000
-0.0894830000000000
-0.0671600000000000
-0.0203390000000000
0.0187090000000000
0.0274760000000000
0.0150610000000000
0.00166080000000000
-0.00519530000000000
-0.00721120000000000
-0.00419570000000000
0.00234880000000000
0.00518670000000000
0.000194970000000000
-0.00579260000000000
-0.00164900000000000
0.0174350000000000
0.0472300000000000
0.0777230000000000
0.0971050000000000
0.0989720000000000
0.0878080000000000
0.0735470000000000
0.0616730000000000
0.0513050000000000
0.0408120000000000
0.0304290000000000
0.0207320000000000
0.0121490000000000
0.00641960000000000
0.00517630000000000
0.00653780000000000
0.00684750000000000
0.00627510000000000
0.00882700000000000
0.0151120000000000
0.0191590000000000
0.0152060000000000
0.00421660000000000
-0.00959230000000000
-0.0238270000000000
-0.0356260000000000
-0.0409690000000000
-0.0418930000000000
-0.0456530000000000
-0.0499280000000000
-0.0396930000000000
-0.00976150000000000
0.0200740000000000
0.0266070000000000
0.0104760000000000
-0.0115410000000000
-0.0315010000000000
-0.0500740000000000
-0.0624680000000000
-0.0627240000000000
-0.0568230000000000
-0.0540890000000000
-0.0513350000000000
-0.0389740000000000
-0.0179070000000000
0.00373190000000000
0.0237710000000000
0.0430930000000000
0.0566850000000000
0.0611460000000000
0.0637850000000000
0.0721390000000000
0.0795180000000000
0.0729390000000000
0.0500360000000000
0.0189900000000000
-0.0137790000000000
-0.0423900000000000
-0.0560750000000000
-0.0482120000000000
-0.0284030000000000
-0.0113680000000000
0.00139380000000000
0.0188320000000000
0.0396460000000000
0.0493660000000000
0.0402470000000000
0.0228240000000000
0.00883590000000000
-0.00449810000000000
-0.0250670000000000
-0.0477670000000000
-0.0592060000000000
-0.0557120000000000
-0.0466060000000000
-0.0391710000000000
-0.0325070000000000
-0.0252610000000000
-0.0193250000000000
-0.0141410000000000
-0.00582680000000000
0.00794350000000000
0.0267790000000000
0.0489260000000000
0.0703710000000000
0.0879390000000000
0.105920000000000
0.129010000000000
0.145940000000000
0.136060000000000
0.0977370000000000
0.0524260000000000
0.0142900000000000
-0.0235020000000000
-0.0619140000000000
-0.0796590000000000
-0.0602810000000000
-0.0199560000000000
0.0112050000000000
0.0214510000000000
0.0192560000000000
0.0134700000000000
0.00671870000000000
0.000746460000000000
-0.00294790000000000
-0.00565440000000000
-0.00874010000000000
-0.0111500000000000
-0.0128440000000000
-0.0161430000000000
-0.0221830000000000
-0.0299560000000000
-0.0392250000000000
-0.0493180000000000
-0.0553840000000000
-0.0511930000000000
-0.0370290000000000
-0.0202850000000000
-0.00770170000000000
-0.000255780000000000
0.00436990000000000
0.00782260000000000
0.0105730000000000
0.0125010000000000
0.0130220000000000
0.0122800000000000
0.0121830000000000
0.0132970000000000
0.0122210000000000
0.00616390000000000
-0.00118600000000000
-0.00655930000000000
-0.0171880000000000
-0.0444630000000000
-0.0842100000000000
-0.115560000000000
-0.122960000000000
-0.111860000000000
-0.0966570000000000
-0.0832790000000000
-0.0696940000000000
-0.0550640000000000
-0.0401030000000000
-0.0244440000000000
-0.00990450000000000
-0.00110510000000000
0.000686810000000000
-0.000374390000000000
-0.000752480000000000
-5.73530000000000e-06
0.00259170000000000
0.00802970000000000
0.0147720000000000
0.0207920000000000
0.0257180000000000
0.0278670000000000
0.0243860000000000
0.0179700000000000
0.0169100000000000
0.0253940000000000
0.0403790000000000
0.0592750000000000
0.0799820000000000
0.0937870000000000
0.0913240000000000
0.0763090000000000
0.0596810000000000
0.0436560000000000
0.0269700000000000
0.0188610000000000
0.0299510000000000
0.0522460000000000
0.0638540000000000
0.0491330000000000
0.00689510000000000
-0.0512880000000000
-0.100800000000000
-0.117260000000000
-0.100740000000000
-0.0735790000000000
-0.0490070000000000
-0.0232600000000000
-7.13990000000000e-05
0.00423880000000000
-0.0139940000000000
-0.0402290000000000
-0.0655740000000000
-0.0906770000000000
-0.107150000000000
-0.100870000000000
-0.0765820000000000
-0.0524860000000000
-0.0333420000000000
-0.0115730000000000
0.00865960000000000
0.0140690000000000
0.00644970000000000
0.00127680000000000
0.00453900000000000
0.00958610000000000
0.0138480000000000
0.0205160000000000
0.0270840000000000
0.0273080000000000
0.0218970000000000
0.0162980000000000
0.0113300000000000
0.00419750000000000
-0.00601850000000000
-0.0195160000000000
-0.0376920000000000
-0.0566190000000000
-0.0639820000000000
-0.0491170000000000
-0.0160510000000000
0.0190400000000000
0.0426770000000000
0.0535790000000000
0.0569520000000000
0.0539540000000000
0.0442970000000000
0.0344140000000000
0.0325200000000000
0.0366290000000000
0.0395780000000000
0.0411530000000000
0.0429420000000000
0.0386700000000000
0.0247780000000000
0.0166790000000000
0.0312560000000000
0.0568150000000000
0.0597220000000000
0.0258600000000000
-0.0284880000000000
-0.0774000000000000
-0.101840000000000
-0.0916780000000000
-0.0566930000000000
-0.0247220000000000
-0.0165310000000000
-0.0253130000000000
-0.0343990000000000
-0.0415860000000000
-0.0497310000000000
-0.0471070000000000
-0.0208020000000000
0.0183150000000000
0.0462490000000000
0.0541320000000000
0.0509170000000000
0.0442200000000000
0.0356530000000000
0.0286680000000000
0.0254920000000000
0.0212790000000000
0.0146050000000000
0.0146960000000000
0.0209770000000000
0.0103180000000000
-0.0331440000000000
-0.0844710000000000
-0.104080000000000
-0.0865870000000000
-0.0588730000000000
-0.0366960000000000
-0.0149970000000000
0.00884250000000000
0.0302740000000000
0.0523470000000000
0.0781760000000000
0.0957540000000000
0.0918610000000000
0.0735630000000000
0.0554310000000000
0.0380870000000000
0.0184830000000000
0.00658970000000000
0.0123190000000000
0.0283690000000000
0.0438220000000000
0.0576660000000000
0.0664080000000000
0.0556190000000000
0.0209300000000000
-0.0176690000000000
-0.0364260000000000
-0.0326510000000000
-0.0200650000000000
-0.00886320000000000
-0.00130620000000000
0.00241020000000000
0.00291170000000000
0.00242370000000000
0.00113950000000000
-0.00382030000000000
-0.0137710000000000
-0.0257560000000000
-0.0355200000000000
-0.0419180000000000
-0.0469590000000000
-0.0517450000000000
-0.0540720000000000
-0.0514330000000000
-0.0447140000000000
-0.0366250000000000
-0.0281120000000000
-0.0197330000000000
-0.0142100000000000
-0.0138900000000000
-0.0168780000000000
-0.0197750000000000
-0.0220110000000000
-0.0244800000000000
-0.0260840000000000
-0.0251230000000000
-0.0221420000000000
-0.0188540000000000
-0.0160670000000000
-0.0139090000000000
-0.0125370000000000
-0.0119070000000000
-0.0120960000000000
-0.0129420000000000
-0.0124900000000000
-0.00800720000000000
0.000549420000000000
0.0105730000000000
0.0210830000000000
0.0323280000000000
0.0398290000000000
0.0344500000000000
0.0122730000000000
-0.0182410000000000
-0.0414110000000000
-0.0462860000000000
-0.0344880000000000
-0.0166120000000000
-0.000623740000000000
0.0137980000000000
0.0288310000000000
0.0420460000000000
0.0514130000000000
0.0609190000000000
0.0738900000000000
0.0843410000000000
0.0837690000000000
0.0728160000000000
0.0584520000000000
0.0437700000000000
0.0293560000000000
0.0185780000000000
0.0136760000000000
0.0109270000000000
0.00728480000000000
0.00602110000000000
0.0112820000000000
0.0219830000000000
0.0354590000000000
0.0490020000000000
0.0557440000000000
0.0475190000000000
0.0261920000000000
0.00345480000000000
-0.0125870000000000
-0.0237740000000000
-0.0330560000000000
-0.0377230000000000
-0.0351150000000000
-0.0288410000000000
-0.0242110000000000
-0.0213490000000000
-0.0170500000000000
-0.0108230000000000
-0.00455350000000000
0.00221560000000000
0.0118020000000000
0.0225530000000000
0.0282140000000000
0.0243100000000000
0.0112550000000000
-0.00809410000000000
-0.0273420000000000
-0.0363330000000000
-0.0316370000000000
-0.0227980000000000
-0.0152680000000000
0.00343460000000000
0.0446910000000000
0.0907310000000000
0.108690000000000
0.0886850000000000
0.0508480000000000
0.0141370000000000
-0.0152600000000000
-0.0300320000000000
-0.0204960000000000
0.00588480000000000
0.0255870000000000
0.0232370000000000
0.00429440000000000
-0.0186830000000000
-0.0383810000000000
-0.0496140000000000
-0.0483150000000000
-0.0393080000000000
-0.0334230000000000
-0.0321470000000000
-0.0251800000000000
-0.00677400000000000
0.0163130000000000
0.0380670000000000
0.0625520000000000
0.0906850000000000
0.108470000000000
0.100610000000000
0.0696130000000000
0.0300390000000000
-0.00756920000000000
-0.0370660000000000
-0.0513880000000000
-0.0503740000000000
-0.0449690000000000
-0.0437280000000000
-0.0430520000000000
-0.0390100000000000
-0.0376100000000000
-0.0445120000000000
-0.0551150000000000
-0.0642080000000000
-0.0744830000000000
-0.0866490000000000
-0.0927120000000000
-0.0871410000000000
-0.0755710000000000
-0.0649830000000000
-0.0550620000000000
-0.0447440000000000
-0.0389660000000000
-0.0422440000000000
-0.0514610000000000
-0.0596430000000000
-0.0626970000000000
-0.0602780000000000
-0.0538910000000000
-0.0460500000000000
-0.0391280000000000
-0.0334010000000000
-0.0268130000000000
-0.0167410000000000
-0.00249300000000000
0.0128270000000000
0.0240000000000000
0.0289280000000000
0.0314020000000000
0.0361170000000000
0.0433330000000000
0.0509210000000000
0.0591330000000000
0.0686680000000000
0.0760490000000000
0.0759900000000000
0.0682250000000000
0.0578070000000000
0.0485530000000000
0.0399440000000000
0.0306300000000000
0.0215160000000000
0.0138780000000000
0.00689140000000000
-0.00102260000000000
-0.00940550000000000
-0.0160330000000000
-0.0194620000000000
-0.0201590000000000
-0.0195720000000000
-0.0191580000000000
-0.0196190000000000
-0.0197880000000000
-0.0172490000000000
-0.0113070000000000
-0.00415880000000000
0.00232940000000000
0.00894770000000000
0.0163460000000000
0.0220710000000000
0.0232830000000000
0.0208990000000000
0.0179830000000000
0.0155750000000000
0.0130220000000000
0.0108720000000000
0.0102790000000000
0.0106490000000000
0.0106920000000000
0.0107960000000000
0.0113120000000000
0.00976260000000000
0.00296530000000000
-0.00867000000000000
-0.0205990000000000
-0.0259990000000000
-0.0186520000000000
0.00145510000000000
0.0261610000000000
0.0476120000000000
0.0683020000000000
0.0960810000000000
0.125130000000000
0.132960000000000
0.104250000000000
0.0537830000000000
0.0111260000000000
-0.0107940000000000
-0.0234770000000000
-0.0388850000000000
-0.0526270000000000
-0.0545150000000000
-0.0454850000000000
-0.0334660000000000
-0.0208760000000000
-0.00934800000000000
-0.00876790000000000
-0.0278730000000000
-0.0574750000000000
-0.0768560000000000
-0.0750490000000000
-0.0576130000000000
-0.0338310000000000
-0.0101630000000000
0.00625800000000000
0.0100580000000000
0.00489530000000000
-0.00155550000000000
-0.00690940000000000
-0.0121890000000000
-0.0164720000000000
-0.0199130000000000
-0.0246940000000000
-0.0280880000000000
-0.0230750000000000
-0.00932160000000000
0.00640480000000000
0.0229900000000000
0.0417820000000000
0.0505210000000000
0.0296030000000000
-0.0168520000000000
-0.0575140000000000
-0.0690250000000000
-0.0607360000000000
-0.0531890000000000
-0.0484790000000000
-0.0338970000000000
-0.00707120000000000
0.0155070000000000
0.0146310000000000
-0.0129220000000000
-0.0506450000000000
-0.0764240000000000
-0.0803280000000000
-0.0704530000000000
-0.0598810000000000
-0.0522140000000000
-0.0418220000000000
-0.0247460000000000
-0.00451880000000000
0.0120450000000000
0.0214800000000000
0.0263870000000000
0.0318100000000000
0.0389640000000000
0.0428620000000000
0.0382580000000000
0.0264910000000000
0.0141780000000000
0.00737030000000000
0.00940730000000000
0.0205230000000000
0.0348990000000000
0.0417860000000000
0.0353440000000000
0.0209150000000000
0.00627240000000000
-0.00812610000000000
-0.0237920000000000
-0.0355840000000000
-0.0373240000000000
-0.0316030000000000
-0.0255070000000000
-0.0210020000000000
-0.0158950000000000
-0.0100800000000000
-0.00447460000000000
0.00166800000000000
0.00834470000000000
0.0141940000000000
0.0199600000000000
0.0272930000000000
0.0349820000000000
0.0411740000000000
0.0458950000000000
0.0471340000000000
0.0423590000000000
0.0360800000000000
0.0348430000000000
0.0339410000000000
0.0256570000000000
0.0189710000000000
0.0294500000000000
0.0535730000000000
0.0772870000000000
0.103570000000000
0.139600000000000
0.161720000000000
0.137630000000000
0.0806620000000000
0.0406770000000000
0.0338810000000000
0.0322470000000000
0.0180850000000000
0.00707900000000000
0.00750660000000000
0.00405310000000000
-0.00770150000000000
-0.00713900000000000
0.0110830000000000
0.0172790000000000
-0.0115880000000000
-0.0543500000000000
-0.0743510000000000
-0.0641230000000000
-0.0439050000000000
-0.0269810000000000
-0.0108090000000000
0.00685330000000000
0.0222880000000000
0.0347460000000000
0.0436490000000000
0.0407930000000000
0.0207520000000000
-0.00428200000000000
-0.0150590000000000
-0.00659990000000000
0.0120930000000000
0.0345910000000000
0.0570230000000000
0.0693650000000000
0.0613230000000000
0.0355930000000000
0.00308830000000000
-0.0277620000000000
-0.0501640000000000
-0.0563090000000000
-0.0452680000000000
-0.0262770000000000
-0.00951050000000000
0.00106070000000000
0.00467090000000000
0.00173480000000000
-0.00434140000000000
-0.00950210000000000
-0.0135460000000000
-0.0176380000000000
-0.0198850000000000
-0.0182540000000000
-0.0147180000000000
-0.0119960000000000
-0.00985400000000000
-0.00752610000000000
-0.00597050000000000
-0.00575860000000000
-0.00602380000000000
-0.00611680000000000
-0.00610200000000000
-0.00564380000000000
-0.00368510000000000
0.00104870000000000
0.00874930000000000
0.0166560000000000
0.0201440000000000
0.0171210000000000
0.00921280000000000
-0.00172970000000000
-0.0128370000000000
-0.0178520000000000
-0.0128220000000000
-0.00308120000000000
0.00425680000000000
0.0102530000000000
0.0179630000000000
0.0215410000000000
0.0129310000000000
-0.00585600000000000
-0.0275730000000000
-0.0508240000000000
-0.0737990000000000
-0.0862800000000000
-0.0805760000000000
-0.0642960000000000
-0.0490840000000000
-0.0368030000000000
-0.0253200000000000
-0.0186860000000000
-0.0201270000000000
-0.0244620000000000
-0.0260240000000000
-0.0269500000000000
-0.0301570000000000
-0.0320660000000000
-0.0289530000000000
-0.0235530000000000
-0.0195120000000000
-0.0157930000000000
-0.0106340000000000
-0.00575810000000000
-0.00322720000000000
-0.00248930000000000
-0.00230310000000000
-0.00245760000000000
-0.00260840000000000
-0.00228710000000000
-0.00204730000000000
-0.00236930000000000
-0.00222050000000000
-0.00149600000000000
-0.00299110000000000
-0.00887650000000000
-0.0168480000000000
-0.0237470000000000
-0.0305670000000000
-0.0386960000000000
-0.0439010000000000
-0.0410000000000000
-0.0329370000000000
-0.0266610000000000
-0.0223940000000000
-0.0155470000000000
-0.00696650000000000
-0.000788620000000000
0.00482680000000000
0.0143710000000000
0.0238960000000000
0.0243260000000000
0.0133490000000000
-0.00416730000000000
-0.0248510000000000
-0.0441250000000000
-0.0525170000000000
-0.0446080000000000
-0.0279090000000000
-0.0118640000000000
0.00310870000000000
0.0177340000000000
0.0241130000000000
0.0149730000000000
-0.00445360000000000
-0.0228270000000000
-0.0334670000000000
-0.0337710000000000
-0.0226070000000000
-0.00492290000000000
0.00891200000000000
0.0132910000000000
0.0116100000000000
0.00842570000000000
0.00475560000000000
0.00236440000000000
0.00428630000000000
0.00944910000000000
0.0139680000000000
0.0175590000000000
0.0226780000000000
0.0281000000000000
0.0295250000000000
0.0255870000000000
0.0190520000000000
0.0124540000000000
0.00648560000000000
0.00106020000000000
-0.00474950000000000
-0.0124620000000000
-0.0221470000000000
-0.0326730000000000
-0.0445910000000000
-0.0572420000000000
-0.0634150000000000
-0.0540050000000000
-0.0309590000000000
-0.00633380000000000
0.0134390000000000
0.0343180000000000
0.0600580000000000
0.0797850000000000
0.0789450000000000
0.0580380000000000
0.0303750000000000
0.00529630000000000
-0.0159990000000000
-0.0322820000000000
-0.0419200000000000
-0.0490840000000000
-0.0603520000000000
-0.0731520000000000
-0.0768110000000000
-0.0664010000000000
-0.0486370000000000
-0.0308780000000000
-0.0144260000000000
9.21500000000000e-05
0.00900330000000000
0.0116270000000000
0.0125630000000000
0.0153620000000000
0.0185600000000000
0.0204700000000000
0.0229100000000000
0.0274540000000000
0.0323270000000000
0.0359290000000000
0.0396950000000000
0.0449350000000000
0.0495240000000000
0.0502890000000000
0.0466940000000000
0.0408160000000000
0.0346450000000000
0.0291590000000000
0.0247470000000000
0.0216010000000000
0.0195360000000000
0.0179850000000000
0.0160510000000000
0.0134360000000000
0.0113430000000000
0.0113860000000000
0.0135590000000000
0.0164970000000000
0.0195670000000000
0.0227380000000000
0.0251130000000000
0.0257030000000000
0.0254200000000000
0.0260820000000000
0.0269560000000000
0.0242750000000000
0.0147620000000000
-0.000802660000000000
-0.0170460000000000
-0.0266260000000000
-0.0257930000000000
-0.0181720000000000
-0.0101830000000000
-0.00382640000000000
0.00296340000000000
0.0104100000000000
0.0166440000000000
0.0218140000000000
0.0276260000000000
0.0336050000000000
0.0384800000000000
0.0437070000000000
0.0505290000000000
0.0548050000000000
0.0501110000000000
0.0352420000000000
0.0148740000000000
-0.00524660000000000
-0.0200770000000000
-0.0258540000000000
-0.0233850000000000
-0.0182010000000000
-0.0147260000000000
-0.0125270000000000
-0.00975360000000000
-0.00680500000000000
-0.00467810000000000
-0.00267340000000000
3.25400000000000e-05
0.00297330000000000
0.00607180000000000
0.0101020000000000
0.0146930000000000
0.0185590000000000
0.0221260000000000
0.0267610000000000
0.0309010000000000
0.0306290000000000
0.0251140000000000
0.0179770000000000
0.0119120000000000
0.00574530000000000
-0.00144910000000000
-0.00697960000000000
-0.00801930000000000
-0.00570110000000000
-0.00293290000000000
-0.000618290000000000
0.00171490000000000
0.00424350000000000
0.00779520000000000
0.0136030000000000
0.0207420000000000
0.0269890000000000
0.0327130000000000
0.0399870000000000
0.0468100000000000
0.0475230000000000
0.0403670000000000
0.0300000000000000
0.0205800000000000
0.0117260000000000
0.00230490000000000
-0.00663120000000000
-0.0143800000000000
-0.0218820000000000
-0.0295720000000000
-0.0370200000000000
-0.0447220000000000
-0.0529790000000000
-0.0595050000000000
-0.0614580000000000
-0.0594370000000000
-0.0565010000000000
-0.0542870000000000
-0.0523460000000000
-0.0500960000000000
-0.0474230000000000
-0.0442440000000000
-0.0406380000000000
-0.0368200000000000
-0.0328850000000000
-0.0290360000000000
-0.0255950000000000
-0.0221300000000000
-0.0173980000000000
-0.0105510000000000
-0.00170340000000000
0.00864150000000000
0.0189030000000000
0.0261700000000000
0.0286980000000000
0.0284570000000000
0.0284740000000000
0.0284420000000000
0.0250100000000000
0.0164260000000000
0.00472530000000000
-0.00602320000000000
-0.0123720000000000
-0.0130430000000000
-0.00987240000000000
-0.00630970000000000
-0.00433430000000000
-0.00277930000000000
0.000383300000000000
0.00523510000000000
0.0104210000000000
0.0159960000000000
0.0226900000000000
0.0279610000000000
0.0268080000000000
0.0183980000000000
0.00778580000000000
-0.00117080000000000
-0.00962880000000000
-0.0184280000000000
-0.0253220000000000
-0.0306130000000000
-0.0386080000000000
-0.0482710000000000
-0.0503000000000000
-0.0387110000000000
-0.0188490000000000
0.00208870000000000
0.0223430000000000
0.0395100000000000
0.0474510000000000
0.0458890000000000
0.0425440000000000
0.0416310000000000
0.0400270000000000
0.0378960000000000
0.0380140000000000
0.0320630000000000
0.00417220000000000
-0.0437220000000000
-0.0851420000000000
-0.0950400000000000
-0.0731100000000000
-0.0363810000000000
-0.000763020000000000
0.0237820000000000
0.0323530000000000
0.0283590000000000
0.0209860000000000
0.0156340000000000
0.0118030000000000
0.00939890000000000
0.0104100000000000
0.0148650000000000
0.0195780000000000
0.0207020000000000
0.0155940000000000
0.00428370000000000
-0.00904480000000000
-0.0190860000000000
-0.0247520000000000
-0.0287520000000000
-0.0325380000000000
-0.0361310000000000
-0.0408280000000000
-0.0461940000000000
-0.0470210000000000
-0.0391130000000000
-0.0258050000000000
-0.0128670000000000
-0.00109260000000000
0.0113000000000000
0.0226380000000000
0.0299040000000000
0.0340310000000000
0.0384950000000000
0.0446120000000000
0.0501860000000000
0.0518070000000000
0.0477730000000000
0.0404270000000000
0.0337390000000000
0.0281850000000000
0.0209180000000000
0.0117110000000000
0.00352020000000000
-0.00343060000000000
-0.0128340000000000
-0.0268630000000000
-0.0450940000000000
-0.0679230000000000
-0.0929390000000000
-0.109290000000000
-0.105800000000000
-0.0851590000000000
-0.0600870000000000
-0.0376120000000000
-0.0172020000000000
-0.000838370000000000
0.00783840000000000
0.0122040000000000
0.0190490000000000
0.0283320000000000
0.0364630000000000
0.0461210000000000
0.0592830000000000
0.0651700000000000
0.0501830000000000
0.0184350000000000
-0.0124980000000000
-0.0333540000000000
-0.0488250000000000
-0.0625910000000000
-0.0694120000000000
-0.0631520000000000
-0.0454480000000000
-0.0245440000000000
-0.0103150000000000
-0.00835660000000000
-0.0160370000000000
-0.0266580000000000
-0.0377090000000000
-0.0489950000000000
-0.0556410000000000
-0.0514480000000000
-0.0383940000000000
-0.0237770000000000
-0.0103160000000000
0.00249660000000000
0.0106780000000000
0.00984220000000000
0.00396630000000000
-0.000441140000000000
-0.00493140000000000
-0.0144640000000000
-0.0252240000000000
-0.0279860000000000
-0.0209230000000000
-0.0106400000000000
-0.00160630000000000
0.00712920000000000
0.0165920000000000
0.0255220000000000
0.0331960000000000
0.0403930000000000
0.0477060000000000
0.0547260000000000
0.0606100000000000
0.0649980000000000
0.0690170000000000
0.0753040000000000
0.0820960000000000
0.0790460000000000
0.0551350000000000
0.0144430000000000
-0.0225520000000000
-0.0364850000000000
-0.0260360000000000
-0.00411550000000000
0.0175000000000000
0.0322000000000000
0.0341780000000000
0.0220100000000000
0.00591860000000000
-7.21180000000000e-05
0.00690100000000000
0.0181820000000000
0.0280790000000000
0.0383320000000000
0.0484480000000000
0.0524850000000000
0.0484030000000000
0.0414240000000000
0.0360680000000000
0.0309680000000000
0.0223620000000000
0.00829490000000000
-0.0104840000000000
-0.0294410000000000
-0.0409390000000000
-0.0398090000000000
-0.0287550000000000
-0.0154500000000000
-0.00521230000000000
0.00271770000000000
0.0118080000000000
0.0227610000000000
0.0317680000000000
0.0347550000000000
0.0309810000000000
0.0223760000000000
0.0113230000000000
0.00192780000000000
-0.000645450000000000
0.00605750000000000
0.0195060000000000
0.0358130000000000
0.0509680000000000
0.0599990000000000
0.0590230000000000
0.0495070000000000
0.0367420000000000
0.0253110000000000
0.0165750000000000
0.00863710000000000
-0.00152190000000000
-0.0126080000000000
-0.0182510000000000
-0.0151830000000000
-0.00799780000000000
-0.000401920000000000
0.00952250000000000
0.0176050000000000
0.00883870000000000
-0.0217650000000000
-0.0545340000000000
-0.0672740000000000
-0.0624820000000000
-0.0576010000000000
-0.0580330000000000
-0.0552060000000000
-0.0439180000000000
-0.0271480000000000
-0.00774490000000000
0.0126370000000000
0.0287280000000000
0.0351460000000000
0.0340270000000000
0.0323210000000000
0.0333960000000000
0.0345810000000000
0.0317570000000000
0.0233490000000000
0.0108590000000000
-0.00347950000000000
-0.0180900000000000
-0.0307290000000000
-0.0378420000000000
-0.0375650000000000
-0.0327490000000000
-0.0287130000000000
-0.0283740000000000
-0.0307010000000000
-0.0336060000000000
-0.0365150000000000
-0.0397020000000000
-0.0428570000000000
-0.0455300000000000
-0.0482550000000000
-0.0518280000000000
-0.0552380000000000
-0.0558490000000000
-0.0523650000000000
-0.0466350000000000
-0.0412270000000000
-0.0365740000000000
-0.0310570000000000
-0.0229380000000000
-0.0116970000000000
0.000603160000000000
0.00949250000000000
0.0116900000000000
0.00898180000000000
0.00581560000000000
0.00393130000000000
0.00188100000000000
-0.000937560000000000
-0.00352030000000000
-0.00579780000000000
-0.00865310000000000
-0.0116900000000000
-0.0140530000000000
-0.0167360000000000
-0.0211210000000000
-0.0263210000000000
-0.0309380000000000
-0.0358400000000000
-0.0417320000000000
-0.0457280000000000
-0.0441840000000000
-0.0378810000000000
-0.0307020000000000
-0.0242940000000000
-0.0174670000000000
-0.0106340000000000
-0.00702080000000000
-0.00869710000000000
-0.0137470000000000
-0.0182320000000000
-0.0191750000000000
-0.0153280000000000
-0.00719390000000000
0.00175100000000000
0.00550050000000000
0.000216250000000000
-0.0107330000000000
-0.0183360000000000
-0.0145000000000000
0.000312420000000000
0.0147910000000000