-0.000910220000000000
-0.00249060000000000
-0.00350010000000000
-0.00405890000000000
-0.00455500000000000
-0.00359780000000000
-0.00281620000000000
-0.00844420000000000
-0.0210300000000000
-0.0290820000000000
-0.0217100000000000
-0.00270180000000000
0.0151500000000000
0.0259260000000000
0.0278330000000000
0.0169490000000000
-0.00303370000000000
-0.0157390000000000
-0.0142610000000000
-0.0121380000000000
-0.0168140000000000
-0.0129320000000000
0.00763950000000000
0.0239210000000000
0.0174790000000000
0.00144180000000000
-0.00766920000000000
-0.0195060000000000
-0.0444700000000000
-0.0631140000000000
-0.0486310000000000
-0.00277480000000000
0.0508360000000000
0.0888540000000000
0.0909520000000000
0.0470650000000000
-0.0210660000000000
-0.0707880000000000
-0.0826730000000000
-0.0686980000000000
-0.0382380000000000
0.0101740000000000
0.0605070000000000
0.0839780000000000
0.0782350000000000
0.0659210000000000
0.0481660000000000
0.000982460000000000
-0.0705230000000000
-0.115900000000000
-0.0992930000000000
-0.0435700000000000
0.00765590000000000
0.0440250000000000
0.0771020000000000
0.0962850000000000
0.0723290000000000
0.00436560000000000
-0.0648830000000000
-0.0922380000000000
-0.0744440000000000
-0.0335510000000000
0.0167770000000000
0.0695450000000000
0.102010000000000
0.0869600000000000
0.0273830000000000
-0.0399540000000000
-0.0807650000000000
-0.0842100000000000
-0.0531130000000000
-0.000179440000000000
0.0446530000000000
0.0559070000000000
0.0445490000000000
0.0412620000000000
0.0464690000000000
0.0307580000000000
-0.0121430000000000
-0.0484250000000000
-0.0510460000000000
-0.0295590000000000
-0.00231000000000000
0.0254410000000000
0.0430580000000000
0.0313270000000000
-0.00225750000000000
-0.0169210000000000
0.00983580000000000
0.0480300000000000
0.0538700000000000
0.0218340000000000
-0.0214690000000000
-0.0545390000000000
-0.0705780000000000
-0.0641270000000000
-0.0324940000000000
0.0134050000000000
0.0525710000000000
0.0678170000000000
0.0522680000000000
0.0138480000000000
-0.0227410000000000
-0.0335180000000000
-0.0211720000000000
-0.00721790000000000
0.00286330000000000
0.0227410000000000
0.0481610000000000
0.0483570000000000
0.0104270000000000
-0.0339440000000000
-0.0467480000000000
-0.0271300000000000
0.00118410000000000
0.0213170000000000
0.0221210000000000
-0.00650530000000000
-0.0493550000000000
-0.0589210000000000
-0.00837310000000000
0.0645980000000000
0.0955110000000000
0.0657820000000000
0.00887110000000000
-0.0393420000000000
-0.0675450000000000
-0.0710100000000000
-0.0440170000000000
0.00296900000000000
0.0411960000000000
0.0514190000000000
0.0401670000000000
0.0259510000000000
0.0189980000000000
0.0155050000000000
0.00478200000000000
-0.0188790000000000
-0.0473420000000000
-0.0610190000000000
-0.0448650000000000
-0.00560420000000000
0.0309010000000000
0.0430350000000000
0.0303440000000000
0.00490170000000000
-0.0256190000000000
-0.0558700000000000
-0.0693980000000000
-0.0486300000000000
-0.00382810000000000
0.0293390000000000
0.0319850000000000
0.0199900000000000
0.0125190000000000
0.00931160000000000
0.00818950000000000
0.0141340000000000
0.0197260000000000
0.00655100000000000
-0.0205100000000000
-0.0312140000000000
-0.0149170000000000
0.00361780000000000
0.00780710000000000
0.0132300000000000
0.0320930000000000
0.0475960000000000
0.0415570000000000
0.0183600000000000
-0.0123330000000000
-0.0468690000000000
-0.0723950000000000
-0.0689220000000000
-0.0398850000000000
-0.0139520000000000
-0.00566410000000000
0.00218650000000000
0.0250370000000000
0.0490200000000000
0.0528540000000000
0.0345290000000000
0.00410410000000000
-0.0318740000000000
-0.0616600000000000
-0.0647470000000000
-0.0330770000000000
0.0116590000000000
0.0388240000000000
0.0387330000000000
0.0209450000000000
-0.00592460000000000
-0.0347900000000000
-0.0515800000000000
-0.0466020000000000
-0.0287980000000000
-0.0120410000000000
0.00666960000000000
0.0373660000000000
0.0697330000000000
0.0762320000000000
0.0465600000000000
0.00281440000000000
-0.0256220000000000
-0.0290870000000000
-0.0177940000000000
-0.00574920000000000
-0.00147840000000000
-0.00300560000000000
-0.000938280000000000
0.0125420000000000
0.0330180000000000
0.0472470000000000
0.0443250000000000
0.0223260000000000
-0.0130830000000000
-0.0491700000000000
-0.0680440000000000
-0.0598400000000000
-0.0340990000000000
-0.0118240000000000
-0.00374570000000000
-0.00390000000000000
-0.00412490000000000
-0.00514230000000000
-0.00917180000000000
-0.0100280000000000
-0.00156840000000000
0.0112090000000000
0.0183340000000000
0.0200150000000000
0.0221470000000000
0.0210890000000000
0.00548350000000000
-0.0230760000000000
-0.0440680000000000
-0.0393110000000000
-0.0150260000000000
0.00806600000000000
0.0197870000000000
0.0281100000000000
0.0405070000000000
0.0507450000000000
0.0463740000000000
0.0265750000000000
0.00251130000000000
-0.0179440000000000
-0.0386280000000000
-0.0658630000000000
-0.0946550000000000
-0.109160000000000
-0.0952410000000000
-0.0533860000000000
0.00258940000000000
0.0548730000000000
0.0900520000000000
0.0984540000000000
0.0752840000000000
0.0265990000000000
-0.0278350000000000
-0.0651060000000000
-0.0731380000000000
-0.0544390000000000
-0.0192630000000000
0.0224960000000000
0.0606110000000000
0.0810360000000000
0.0685120000000000
0.0210430000000000
-0.0413700000000000
-0.0885930000000000
-0.103640000000000
-0.0870730000000000
-0.0443240000000000
0.0156440000000000
0.0720160000000000
0.100070000000000
0.0939050000000000
0.0666040000000000
0.0281630000000000
-0.0207690000000000
-0.0685420000000000
-0.0871190000000000
-0.0592510000000000
-0.00118720000000000
0.0513660000000000
0.0754260000000000
0.0749480000000000
0.0670820000000000
0.0616290000000000
0.0514260000000000
0.0241700000000000
-0.0175850000000000
-0.0527300000000000
-0.0636860000000000
-0.0544670000000000
-0.0422720000000000
-0.0364720000000000
-0.0326810000000000
-0.0251700000000000
-0.0168220000000000
-0.0141490000000000
-0.0173560000000000
-0.0187810000000000
-0.0117830000000000
0.00168330000000000
0.0139860000000000
0.0219120000000000
0.0260550000000000
0.0231820000000000
0.00898370000000000
-0.00887060000000000
-0.0143920000000000
-0.00323710000000000
0.0118980000000000
0.0200420000000000
0.0232730000000000
0.0241430000000000
0.0147920000000000
-0.0111610000000000
-0.0443000000000000
-0.0646230000000000
-0.0562900000000000
-0.0169210000000000
0.0368280000000000
0.0748060000000000
0.0769740000000000
0.0527210000000000
0.0272000000000000
0.0106420000000000
-0.00667060000000000
-0.0303350000000000
-0.0477810000000000
-0.0441870000000000
-0.0213070000000000
0.00492520000000000
0.0196780000000000
0.0189330000000000
0.00948390000000000
0.00111820000000000
-0.00288040000000000
-0.00709470000000000
-0.0150490000000000
-0.0235140000000000
-0.0260330000000000
-0.0198940000000000
-0.00723320000000000
0.00629510000000000
0.0153720000000000
0.0173290000000000
0.0110680000000000
-0.00659800000000000
-0.0353900000000000
-0.0607500000000000
-0.0582610000000000
-0.0165960000000000
0.0457170000000000
0.0942370000000000
0.106410000000000
0.0835950000000000
0.0396670000000000
-0.00895280000000000
-0.0448460000000000
-0.0515470000000000
-0.0256130000000000
0.0153440000000000
0.0439280000000000
0.0485720000000000
0.0398860000000000
0.0311290000000000
0.0224860000000000
0.0111440000000000
0.00322720000000000
0.00375860000000000
0.00201210000000000
-0.0159920000000000
-0.0413180000000000
-0.0462050000000000
-0.0191650000000000
0.0165400000000000
0.0299630000000000
0.0166410000000000
-0.00441410000000000
-0.0210700000000000
-0.0355780000000000
-0.0462560000000000
-0.0402130000000000
-0.0128740000000000
0.0202840000000000
0.0347570000000000
0.0116940000000000
-0.0568540000000000
-0.157380000000000
-0.245620000000000
-0.264690000000000
-0.188560000000000
-0.0412970000000000
0.129600000000000
0.282770000000000
0.384680000000000
0.415020000000000
0.390810000000000
0.367720000000000
0.395750000000000
0.477330000000000
0.574770000000000
0.649160000000000
0.668220000000000
0.601780000000000
0.443270000000000
0.237030000000000
0.0502350000000000
-0.0734130000000000
-0.125790000000000
-0.123710000000000
-0.115680000000000
-0.172610000000000
-0.330970000000000
-0.558480000000000
-0.793880000000000
-0.995080000000000
-1.12140000000000
-1.11960000000000
-0.967660000000000
-0.710960000000000
-0.416250000000000
-0.121780000000000
0.137660000000000
0.292000000000000
0.274620000000000
0.0937710000000000
-0.146270000000000
-0.308410000000000
-0.325530000000000
-0.249930000000000
-0.164280000000000
-0.0701600000000000
0.0826100000000000
0.277540000000000
0.452240000000000
0.617800000000000
0.824510000000000
0.991710000000000
0.941990000000000
0.647320000000000
0.279590000000000
-0.0397310000000000
-0.365150000000000
-0.729110000000000
-0.986950000000000
-0.983410000000000
-0.767020000000000
-0.512950000000000
-0.304820000000000
-0.0959840000000000
0.150370000000000
0.373670000000000
0.470520000000000
0.405260000000000
0.253680000000000
0.137060000000000
0.117530000000000
0.165230000000000
0.215050000000000
0.232900000000000
0.227750000000000
0.218480000000000
0.194550000000000
0.109800000000000
-0.0625210000000000
-0.267500000000000
-0.393250000000000
-0.377260000000000
-0.254730000000000
-0.0980760000000000
0.0541710000000000
0.188280000000000
0.286060000000000
0.328140000000000
0.300690000000000
0.189260000000000
0.00163530000000000
-0.202100000000000
-0.340760000000000
-0.375400000000000
-0.321660000000000
-0.209510000000000
-0.0628350000000000
0.0869840000000000
0.196140000000000
0.229110000000000
0.182660000000000
0.0936070000000000
0.0272950000000000
0.0325840000000000
0.0975350000000000
0.163210000000000
0.185800000000000
0.163330000000000
0.110290000000000
0.0399900000000000
-0.0260860000000000
-0.0619370000000000
-0.0628240000000000
-0.0507480000000000
-0.0480450000000000
-0.0543700000000000
-0.0528530000000000
-0.0273280000000000
0.0295870000000000
0.115390000000000
0.209150000000000
0.263140000000000
0.223860000000000
0.0844750000000000
-0.0905470000000000
-0.220940000000000
-0.283850000000000
-0.306680000000000
-0.298140000000000
-0.234030000000000
-0.113530000000000
0.0127880000000000
0.0898330000000000
0.103130000000000
0.0670200000000000
-0.00230980000000000
-0.0840890000000000
-0.140920000000000
-0.134020000000000
-0.0557810000000000
0.0552560000000000
0.142860000000000
0.177410000000000
0.171050000000000
0.150470000000000
0.126660000000000
0.0916970000000000
0.0373800000000000
-0.0244200000000000
-0.0603840000000000
-0.0426160000000000
0.0203920000000000
0.0941340000000000
0.154900000000000
0.191480000000000
0.175400000000000
0.0788560000000000
-0.0741290000000000
-0.218330000000000
-0.316830000000000
-0.372220000000000
-0.379880000000000
-0.327780000000000
-0.242780000000000
-0.176950000000000
-0.142330000000000
-0.113190000000000
-0.0805260000000000
-0.0499920000000000
0.00290850000000000
0.109480000000000
0.247370000000000
0.354400000000000
0.395060000000000
0.373900000000000
0.300990000000000
0.189520000000000
0.0738870000000000
-0.0103540000000000
-0.0569350000000000
-0.0785500000000000
-0.0835440000000000
-0.0782810000000000
-0.0690380000000000
-0.0461270000000000
0.00739780000000000
0.0815280000000000
0.137070000000000
0.149480000000000
0.131200000000000
0.106290000000000
0.0826360000000000
0.0576020000000000
0.0347340000000000
0.0251660000000000
0.0342390000000000
0.0487390000000000
0.0402600000000000
-0.00909000000000000
-0.0837260000000000
-0.147300000000000
-0.174690000000000
-0.162430000000000
-0.117800000000000
-0.0572910000000000
-0.00639940000000000
0.0151240000000000
0.00777470000000000
-0.0158400000000000
-0.0432540000000000
-0.0646030000000000
-0.0788410000000000
-0.0993510000000000
-0.134010000000000
-0.153230000000000
-0.107230000000000
0.0121050000000000
0.142960000000000
0.208060000000000
0.182280000000000
0.0971200000000000
-0.00409030000000000
-0.0907800000000000
-0.133660000000000
-0.103850000000000
-0.00237370000000000
0.121580000000000
0.207290000000000
0.230510000000000
0.204530000000000
0.144380000000000
0.0583420000000000
-0.0331360000000000
-0.0999640000000000
-0.133570000000000
-0.151610000000000
-0.164520000000000
-0.153260000000000
-0.0957650000000000
-0.00619250000000000
0.0654440000000000
0.0807020000000000
0.0493040000000000
0.00885440000000000
-0.0222730000000000
-0.0517820000000000
-0.0716450000000000
-0.0460080000000000
0.0449890000000000
0.167400000000000
0.265780000000000
0.310280000000000
0.299290000000000
0.235190000000000
0.128080000000000
0.00535200000000000
-0.102320000000000
-0.178360000000000
-0.214430000000000
-0.207670000000000
-0.173120000000000
-0.141530000000000
-0.127090000000000
-0.111090000000000
-0.0687520000000000
-0.00275470000000000
0.0650930000000000
0.118750000000000
0.154590000000000
0.173500000000000
0.181400000000000
0.186130000000000
0.187550000000000
0.176580000000000
0.151470000000000
0.122840000000000
0.0972700000000000
0.0660790000000000
0.0180940000000000
-0.0470540000000000
-0.121900000000000
-0.195870000000000
-0.253780000000000
-0.282120000000000
-0.278630000000000
-0.248520000000000
-0.193110000000000
-0.111500000000000
-0.0102230000000000
0.0898140000000000
0.155200000000000
0.153110000000000
0.0709450000000000
-0.0753980000000000
-0.250750000000000
-0.411130000000000
-0.506430000000000
-0.495440000000000
-0.374820000000000
-0.185580000000000
0.0245110000000000
0.227090000000000
0.400170000000000
0.510770000000000
0.524320000000000
0.425500000000000
0.236650000000000
0.0224180000000000
-0.146490000000000
-0.240400000000000
-0.274160000000000
-0.259210000000000
-0.187950000000000
-0.0739990000000000
0.0252870000000000
0.0577540000000000
0.0263430000000000
-0.0248400000000000
-0.0560610000000000
-0.0565740000000000
-0.0418560000000000
-0.0356600000000000
-0.0472250000000000
-0.0667560000000000
-0.0805320000000000
-0.0778740000000000
-0.0429540000000000
0.0316160000000000
0.117360000000000
0.161440000000000
0.134950000000000
0.0501470000000000
-0.0592790000000000
-0.146370000000000
-0.156190000000000
-0.0669570000000000
0.0723370000000000
0.183540000000000
0.229490000000000
0.217640000000000
0.154790000000000
0.0515590000000000
-0.0497930000000000
-0.102980000000000
-0.109370000000000
-0.100890000000000
-0.0873650000000000
-0.0599340000000000
-0.0301990000000000
-0.0186130000000000
-0.0135000000000000
0.0164680000000000
0.0721360000000000
0.121670000000000
0.144080000000000
0.145270000000000
0.134790000000000
0.111910000000000
0.0754760000000000
0.0292680000000000
-0.0204920000000000
-0.0635090000000000
-0.0841190000000000
-0.0737940000000000
-0.0408760000000000
-0.00545220000000000
0.0151550000000000
0.0111460000000000
-0.0157220000000000
-0.0474680000000000
-0.0538900000000000
-0.0179380000000000
0.0470060000000000
0.108560000000000
0.144610000000000
0.152290000000000
0.134090000000000
0.0893500000000000
0.0273970000000000
-0.0259700000000000
-0.0491280000000000
-0.0465830000000000
-0.0395140000000000
-0.0386870000000000
-0.0391290000000000
-0.0381280000000000
-0.0395980000000000
-0.0381930000000000
-0.0206570000000000
0.00706460000000000
0.0137360000000000
-0.0241760000000000
-0.0965990000000000
-0.174900000000000
-0.238070000000000
-0.272650000000000
-0.263530000000000
-0.202040000000000
-0.100130000000000
0.0163560000000000
0.119960000000000
0.186060000000000
0.197940000000000
0.158140000000000
0.0891780000000000
0.0226700000000000
-0.0140780000000000
-0.00971720000000000
0.0239290000000000
0.0570130000000000
0.0634260000000000
0.0371420000000000
-0.0140230000000000
-0.0834730000000000
-0.162000000000000
-0.227480000000000
-0.250350000000000
-0.216550000000000
-0.141610000000000
-0.0601200000000000
0.000828290000000000
0.0336630000000000
0.0426420000000000
0.0340750000000000
0.0169340000000000
0.00306140000000000
0.00114160000000000
0.0133100000000000
0.0409870000000000
0.0854610000000000
0.137850000000000
0.176820000000000
0.186560000000000
0.173020000000000
0.157770000000000
0.156030000000000
0.166740000000000
0.181410000000000
0.195350000000000
0.206930000000000
0.211750000000000
0.202920000000000
0.173510000000000
0.116130000000000
0.0255620000000000
-0.0872470000000000
-0.191600000000000
-0.258920000000000
-0.285510000000000
-0.282560000000000
-0.254980000000000
-0.203790000000000
-0.145390000000000
-0.106350000000000
-0.0971900000000000
-0.101730000000000
-0.0956110000000000
-0.0636430000000000
-0.00576080000000000
0.0613950000000000
0.111230000000000
0.126790000000000
0.111650000000000
0.0800390000000000
0.0417680000000000
0.00204760000000000
-0.0330310000000000
-0.0543170000000000
-0.0512190000000000
-0.0117980000000000
0.0628350000000000
0.143930000000000
0.189770000000000
0.184230000000000
0.146980000000000
0.106890000000000
0.0813270000000000
0.0821930000000000
0.120400000000000
0.190980000000000
0.267660000000000
0.324030000000000
0.350950000000000
0.346070000000000
0.301950000000000
0.216210000000000
0.104730000000000
-0.00485140000000000
-0.0896220000000000
-0.138830000000000
-0.152590000000000
-0.138830000000000
-0.111710000000000
-0.0890230000000000
-0.0886420000000000
-0.119710000000000
-0.174600000000000
-0.234110000000000
-0.285900000000000
-0.330830000000000
-0.364260000000000
-0.362830000000000
-0.304310000000000
-0.197190000000000
-0.0785080000000000
0.0154560000000000
0.0663900000000000
0.0701160000000000
0.0309520000000000
-0.0326660000000000
-0.0936680000000000
-0.133820000000000
-0.151520000000000
-0.146870000000000
-0.114570000000000
-0.0568800000000000
0.00332950000000000
0.0365310000000000
0.0305900000000000
-0.00191970000000000
-0.0375430000000000
-0.0568300000000000
-0.0513560000000000
-0.0243980000000000
0.0158810000000000
0.0652120000000000
0.120840000000000
0.171300000000000
0.200230000000000
0.204230000000000
0.196100000000000
0.187290000000000
0.177320000000000
0.162050000000000
0.140720000000000
0.112560000000000
0.0813050000000000
0.0617540000000000
0.0671390000000000
0.0887940000000000
0.104670000000000
0.102300000000000
0.0765710000000000
0.0170230000000000
-0.0790420000000000
-0.186530000000000
-0.270610000000000
-0.317110000000000
-0.324530000000000
-0.280790000000000
-0.181190000000000
-0.0620730000000000
0.0204520000000000
0.0441130000000000
0.0313090000000000
0.00962170000000000
-0.0103830000000000
-0.0220930000000000
-0.0137090000000000
0.0185810000000000
0.0637950000000000
0.108280000000000
0.145670000000000
0.172190000000000
0.179540000000000
0.157880000000000
0.106420000000000
0.0379740000000000
-0.0271400000000000
-0.0738020000000000
-0.0988480000000000
-0.106750000000000
-0.0991370000000000
-0.0716780000000000
-0.0217470000000000
0.0435500000000000
0.108980000000000
0.162260000000000
0.200160000000000
0.222710000000000
0.226060000000000
0.208010000000000
0.172780000000000
0.126340000000000
0.0722470000000000
0.0185500000000000
-0.0216710000000000
-0.0408000000000000
-0.0428490000000000
-0.0377790000000000
-0.0381060000000000
-0.0605970000000000
-0.114420000000000
-0.186450000000000
-0.249170000000000
-0.286830000000000
-0.296970000000000
-0.274100000000000
-0.212780000000000
-0.125670000000000
-0.0384390000000000
0.0311010000000000
0.0745590000000000
0.0851040000000000
0.0654870000000000
0.0351430000000000
0.0139040000000000
0.00578930000000000
0.00845640000000000
0.0194530000000000
0.0244180000000000
0.000867490000000000
-0.0505980000000000
-0.0982380000000000
-0.114070000000000
-0.0980590000000000
-0.0639220000000000
-0.0227620000000000
0.0128630000000000
0.0303420000000000
0.0269870000000000
0.00947920000000000
-0.0149810000000000
-0.0354010000000000
-0.0364290000000000
-0.0122570000000000
0.0237760000000000
0.0547870000000000
0.0723840000000000
0.0688190000000000
0.0325330000000000
-0.0351640000000000
-0.112720000000000
-0.175650000000000
-0.213440000000000
-0.224350000000000
-0.204130000000000
-0.147000000000000
-0.0576380000000000
0.0403230000000000
0.113710000000000
0.144740000000000
0.142830000000000
0.126160000000000
0.101280000000000
0.0715080000000000
0.0521740000000000
0.0590720000000000
0.0882440000000000
0.123270000000000
0.153720000000000
0.172390000000000
0.166540000000000
0.131050000000000
0.0831830000000000
0.0484910000000000
0.0375670000000000
0.0468860000000000
0.0714070000000000
0.101690000000000
0.119430000000000
0.109390000000000
0.0716570000000000
0.0164400000000000
-0.0448040000000000
-0.100210000000000
-0.138150000000000
-0.154390000000000
-0.153820000000000
-0.141590000000000
-0.117290000000000
-0.0821920000000000
-0.0440510000000000
-0.0104430000000000
0.0169870000000000
0.0360460000000000
0.0356950000000000
0.00243440000000000
-0.0629960000000000
-0.140760000000000
-0.207980000000000
-0.252760000000000
-0.270390000000000
-0.254390000000000
-0.202660000000000
-0.127310000000000
-0.0514760000000000
0.00676760000000000
0.0421110000000000
0.0592940000000000
0.0632880000000000
0.0562100000000000
0.0425760000000000
0.0387860000000000
0.0643020000000000
0.118430000000000
0.174530000000000
0.208300000000000
0.221200000000000
0.226620000000000
0.225860000000000
0.212360000000000
0.187890000000000
0.157210000000000
0.116540000000000
0.0655180000000000
0.0199050000000000
-0.00481410000000000
-0.0128880000000000
-0.0149900000000000
-0.00814590000000000
0.0140270000000000
0.0416200000000000
0.0557420000000000
0.0474810000000000
0.0146100000000000
-0.0480820000000000
-0.136730000000000
-0.227380000000000
-0.292800000000000
-0.323510000000000
-0.322950000000000
-0.296520000000000
-0.251340000000000
-0.196910000000000
-0.136980000000000
-0.0712410000000000
-0.00491620000000000
0.0515450000000000
0.0945760000000000
0.126100000000000
0.143420000000000
0.141250000000000
0.121630000000000
0.0905010000000000
0.0503700000000000
0.00562790000000000
-0.0307410000000000
-0.0453290000000000
-0.0340220000000000
-0.000686430000000000
0.0466070000000000
0.0938880000000000
0.126820000000000
0.141420000000000
0.145470000000000
0.144440000000000
0.134480000000000
0.111680000000000
0.0829130000000000
0.0615670000000000
0.0551180000000000
0.0590010000000000
0.0632880000000000
0.0646220000000000
0.0672170000000000
0.0719310000000000
0.0684810000000000
0.0429460000000000
-0.00849110000000000
-0.0746240000000000
-0.137880000000000
-0.185410000000000
-0.211560000000000
-0.213620000000000
-0.190170000000000
-0.146890000000000
-0.0992400000000000
-0.0641010000000000
-0.0453690000000000
-0.0330970000000000
-0.0158270000000000
0.00847450000000000
0.0367600000000000
0.0674170000000000
0.0999160000000000
0.130380000000000
0.152980000000000
0.164670000000000
0.167770000000000
0.167070000000000
0.166170000000000
0.166640000000000
0.166920000000000
0.161530000000000
0.144010000000000
0.114310000000000
0.0785850000000000
0.0411710000000000
-0.00233630000000000
-0.0572440000000000
-0.119590000000000
-0.177420000000000
-0.220170000000000
-0.241900000000000
-0.238810000000000
-0.211390000000000
-0.168560000000000
-0.125460000000000
-0.0946050000000000
-0.0801650000000000
-0.0796350000000000
-0.0873200000000000
-0.0972860000000000
-0.102620000000000
-0.0953990000000000
-0.0699060000000000
-0.0304180000000000
0.0101520000000000
0.0421670000000000
0.0672840000000000
0.0893510000000000
0.105170000000000
0.109060000000000
0.102280000000000
0.0894070000000000
0.0716500000000000
0.0487060000000000
0.0241800000000000
0.000737500000000000
-0.0239510000000000
-0.0495430000000000
-0.0667170000000000
-0.0674330000000000
-0.0570250000000000
-0.0455140000000000
-0.0349030000000000
-0.0213490000000000
-0.00742280000000000
0.000556140000000000
0.00302450000000000
0.00792300000000000
0.0180730000000000
0.0265000000000000
0.0259660000000000
0.0176710000000000
0.00878140000000000
0.00430510000000000
0.00376430000000000
0.00403940000000000
0.00346310000000000
0.00426870000000000
0.0124430000000000
0.0351770000000000
0.0717310000000000
0.107950000000000
0.124460000000000
0.115220000000000
0.0910940000000000
0.0631670000000000
0.0315860000000000
-0.00607030000000000
-0.0443480000000000
-0.0769260000000000
-0.102680000000000
-0.118890000000000
-0.116770000000000
-0.0953840000000000
-0.0686810000000000
-0.0465490000000000
-0.0204660000000000
0.0192560000000000
0.0611630000000000
0.0854270000000000
0.0887190000000000
0.0820370000000000
0.0694920000000000
0.0481200000000000
0.0233130000000000
0.00694660000000000
0.00231100000000000
0.00605280000000000
0.0215550000000000
0.0529130000000000
0.0900430000000000
0.115780000000000
0.126990000000000
0.131300000000000
0.127350000000000
0.103420000000000
0.0575970000000000
0.00254930000000000
-0.0484980000000000
-0.0894100000000000
-0.113510000000000
-0.115290000000000
-0.100490000000000
-0.0819610000000000
-0.0640600000000000
-0.0457190000000000
-0.0346270000000000
-0.0418140000000000
-0.0627070000000000
-0.0801990000000000
-0.0850200000000000
-0.0796760000000000
-0.0629240000000000
-0.0294160000000000
0.0151100000000000
0.0533170000000000
0.0745050000000000
0.0761350000000000
0.0531030000000000
0.00398810000000000
-0.0520030000000000
-0.0876650000000000
-0.0966690000000000
-0.0954590000000000
-0.0968920000000000
-0.0972590000000000
-0.0882960000000000
-0.0674660000000000
-0.0342220000000000
0.0119370000000000
0.0663180000000000
0.119880000000000
0.166460000000000
0.203110000000000
0.226900000000000
0.235810000000000
0.231810000000000
0.218020000000000
0.194620000000000
0.158660000000000
0.108830000000000
0.0501320000000000
-0.00641330000000000
-0.0510610000000000
-0.0814760000000000
-0.100200000000000
-0.107850000000000
-0.104880000000000
-0.0970450000000000
-0.0934640000000000
-0.0968850000000000
-0.102490000000000
-0.105300000000000
-0.105690000000000
-0.106420000000000
-0.109480000000000
-0.114870000000000
-0.118580000000000
-0.113600000000000
-0.0958030000000000
-0.0680900000000000
-0.0356410000000000
-0.00200410000000000
0.0280570000000000
0.0463870000000000
0.0477390000000000
0.0375850000000000
0.0282270000000000
0.0272590000000000
0.0310370000000000
0.0293660000000000
0.0140740000000000
-0.0157650000000000
-0.0538040000000000
-0.0907140000000000
-0.118060000000000
-0.131210000000000
-0.129800000000000
-0.117460000000000
-0.0989390000000000
-0.0774610000000000
-0.0540340000000000
-0.0287840000000000
-0.00317810000000000
0.0195020000000000
0.0369280000000000
0.0505920000000000
0.0625480000000000
0.0711520000000000
0.0737210000000000
0.0724880000000000
0.0722230000000000
0.0733760000000000
0.0731890000000000
0.0723040000000000
0.0733860000000000
0.0746720000000000
0.0719110000000000
0.0645630000000000
0.0535210000000000
0.0364050000000000
0.0130090000000000
-0.0100040000000000
-0.0270340000000000
-0.0393280000000000
-0.0483160000000000
-0.0512650000000000
-0.0469110000000000
-0.0359430000000000
-0.0149440000000000
0.0184720000000000
0.0549390000000000
0.0787990000000000
0.0855480000000000
0.0808600000000000
0.0663720000000000
0.0395460000000000
0.00523730000000000
-0.0262640000000000
-0.0511720000000000
-0.0711390000000000
-0.0854040000000000
-0.0913020000000000
-0.0897390000000000
-0.0826310000000000
-0.0706760000000000
-0.0569630000000000
-0.0465230000000000
-0.0397150000000000
-0.0324550000000000
-0.0249220000000000
-0.0224130000000000
-0.0277510000000000
-0.0367280000000000
-0.0435620000000000
-0.0465530000000000
-0.0471110000000000
-0.0452100000000000
-0.0385140000000000
-0.0246520000000000
-0.00336770000000000
0.0217630000000000
0.0435980000000000
0.0540720000000000
0.0488650000000000
0.0302710000000000
0.00487270000000000
-0.0211630000000000
-0.0427430000000000
-0.0545770000000000
-0.0541870000000000
-0.0449460000000000
-0.0320640000000000
-0.0155690000000000
0.00767260000000000
0.0363190000000000
0.0622270000000000
0.0778900000000000
0.0820340000000000
0.0801290000000000
0.0812430000000000
0.0954150000000000
0.126890000000000
0.166800000000000
0.196820000000000
0.205670000000000
0.198970000000000
0.188000000000000
0.176080000000000
0.162340000000000
0.151020000000000
0.145210000000000
0.138210000000000
0.123470000000000
0.105910000000000
0.0916780000000000
0.0752670000000000
0.0514880000000000
0.0294610000000000
0.0202280000000000
0.0203220000000000
0.0221310000000000
0.0285540000000000
0.0429240000000000
0.0558940000000000
0.0551820000000000
0.0403120000000000
0.0178420000000000
-0.00799110000000000
-0.0331230000000000
-0.0519650000000000
-0.0636130000000000
-0.0719750000000000
-0.0781850000000000
-0.0820650000000000
-0.0876070000000000
-0.0982860000000000
-0.111050000000000
-0.122940000000000
-0.136460000000000
-0.151690000000000
-0.161830000000000
-0.163460000000000
-0.162210000000000
-0.161680000000000
-0.156980000000000
-0.146750000000000
-0.141310000000000
-0.148660000000000
-0.161080000000000
-0.164950000000000
-0.158110000000000
-0.147680000000000
-0.135840000000000
-0.117970000000000
-0.0944420000000000
-0.0733860000000000
-0.0580760000000000
-0.0414200000000000
-0.0192590000000000
0.00153780000000000
0.0136890000000000
0.0208150000000000
0.0292540000000000
0.0383880000000000
0.0450630000000000
0.0521300000000000
0.0622700000000000
0.0698120000000000
0.0676070000000000
0.0577420000000000
0.0489860000000000
0.0456850000000000
0.0462370000000000
0.0494270000000000
0.0570230000000000
0.0689920000000000
0.0802370000000000
0.0836330000000000
0.0764880000000000
0.0631920000000000
0.0499010000000000
0.0384660000000000
0.0270060000000000
0.0146380000000000
0.00235590000000000
-0.00965320000000000
-0.0218490000000000
-0.0321580000000000
-0.0365520000000000
-0.0339860000000000
-0.0276370000000000
-0.0204770000000000
-0.0122240000000000
-0.00248650000000000
0.00543890000000000
0.00814240000000000
0.00757000000000000
0.00727740000000000
0.00600580000000000
0.000307140000000000
-0.00743870000000000
-0.0117900000000000
-0.0124040000000000
-0.0138000000000000
-0.0145120000000000
-0.00860670000000000
0.00269280000000000
0.0105660000000000
0.0136730000000000
0.0206020000000000
0.0340920000000000
0.0440080000000000
0.0405260000000000
0.0260590000000000
0.00708470000000000
-0.0132320000000000
-0.0302960000000000
-0.0359030000000000
-0.0291790000000000
-0.0192840000000000
-0.0137020000000000
-0.0114500000000000
-0.0104180000000000
-0.0121090000000000
-0.0160100000000000
-0.0182750000000000
-0.0178440000000000
-0.0156660000000000
-0.00831540000000000
0.00769770000000000
0.0281220000000000
0.0466340000000000
0.0645620000000000
0.0851690000000000
0.104040000000000
0.113550000000000
0.113950000000000
0.110970000000000
0.106560000000000
0.0979110000000000
0.0844370000000000
0.0697140000000000
0.0590490000000000
0.0564500000000000
0.0618760000000000
0.0699740000000000
0.0737800000000000
0.0697340000000000
0.0595750000000000
0.0477470000000000
0.0364530000000000
0.0240030000000000
0.0100090000000000
0.000199280000000000
0.000260740000000000
0.00687350000000000
0.0104300000000000
0.00674270000000000
-0.00239260000000000
-0.0154730000000000
-0.0314690000000000
-0.0450230000000000
-0.0531390000000000
-0.0601040000000000
-0.0697540000000000
-0.0755590000000000
-0.0702080000000000
-0.0578380000000000
-0.0501410000000000
-0.0526740000000000
-0.0635290000000000
-0.0790640000000000
-0.0956800000000000
-0.107970000000000
-0.110670000000000
-0.102060000000000
-0.0853850000000000
-0.0675160000000000
-0.0553330000000000
-0.0511030000000000
-0.0535210000000000
-0.0616480000000000
-0.0744400000000000
-0.0869560000000000
-0.0943100000000000
-0.0956230000000000
-0.0905630000000000
-0.0755340000000000
-0.0505760000000000
-0.0239300000000000
-0.00423720000000000
0.00783340000000000
0.0145960000000000
0.0156200000000000
0.0119790000000000
0.00876010000000000
0.00804340000000000
0.00741300000000000
0.00707010000000000
0.0100880000000000
0.0145880000000000
0.0155260000000000
0.0121490000000000
0.00533850000000000
-0.00897400000000000
-0.0324930000000000
-0.0564090000000000
-0.0710230000000000
-0.0777710000000000
-0.0819440000000000
-0.0812280000000000
-0.0717080000000000
-0.0559290000000000
-0.0369470000000000
-0.0136360000000000
0.0109820000000000
0.0288550000000000
0.0395880000000000
0.0529170000000000
0.0717080000000000
0.0864650000000000
0.0915090000000000
0.0949460000000000
0.103470000000000
0.111490000000000
0.112290000000000
0.109920000000000
0.110730000000000
0.111830000000000
0.106190000000000
0.0941270000000000
0.0818790000000000
0.0711500000000000
0.0579390000000000
0.0419590000000000
0.0299320000000000
0.0270160000000000
0.0287750000000000
0.0269970000000000
0.0198010000000000
0.0128220000000000
0.00920260000000000
0.00574900000000000
0.000161390000000000
-0.00232840000000000
0.00406750000000000
0.0159790000000000
0.0251640000000000
0.0286380000000000
0.0275210000000000
0.0179480000000000
-0.00408070000000000
-0.0309690000000000
-0.0486670000000000
-0.0543030000000000
-0.0563140000000000
-0.0569430000000000
-0.0504420000000000
-0.0378420000000000
-0.0289820000000000
-0.0260900000000000
-0.0226400000000000
-0.0169150000000000
-0.0143430000000000
-0.0148570000000000
-0.0133450000000000
-0.00981040000000000
-0.00669770000000000
6.09990000000000e-05
0.0135750000000000
0.0257190000000000
0.0289860000000000
0.0297700000000000
0.0367550000000000
0.0455030000000000
0.0472680000000000
0.0433560000000000
0.0374220000000000
0.0247960000000000
0.00130690000000000
-0.0245630000000000
-0.0428810000000000
-0.0552850000000000
-0.0677880000000000
-0.0773990000000000
-0.0791750000000000
-0.0766080000000000
-0.0764890000000000
-0.0782880000000000
-0.0780130000000000
-0.0765690000000000
-0.0772220000000000
-0.0787450000000000
-0.0776600000000000
-0.0741080000000000
-0.0692610000000000
-0.0614630000000000
-0.0498570000000000
-0.0375420000000000
-0.0257630000000000
-0.0117050000000000
0.00490530000000000
0.0190850000000000
0.0289550000000000
0.0382060000000000
0.0480340000000000
0.0536840000000000
0.0549110000000000
0.0593050000000000
0.0708830000000000
0.0845070000000000
0.0955670000000000
0.104020000000000
0.107080000000000
0.100450000000000
0.0862030000000000
0.0714320000000000
0.0585640000000000
0.0466060000000000
0.0382200000000000
0.0372860000000000
0.0410980000000000
0.0451020000000000
0.0505070000000000
0.0586370000000000
0.0647890000000000
0.0657330000000000
0.0649190000000000
0.0640300000000000
0.0591570000000000
0.0495890000000000
0.0413650000000000
0.0358190000000000
0.0264890000000000
0.0117480000000000
0.00115530000000000
0.000389570000000000
0.00354600000000000
0.00480660000000000
0.00774660000000000
0.0149020000000000
0.0202140000000000
0.0184560000000000
0.0139040000000000
0.0123210000000000
0.0119290000000000
0.00933230000000000
0.00586300000000000
0.00272880000000000
-0.00263070000000000
-0.0108890000000000
-0.0189180000000000
-0.0257920000000000
-0.0327430000000000
-0.0382370000000000
-0.0399920000000000
-0.0415270000000000
-0.0474750000000000
-0.0557210000000000
-0.0614230000000000
-0.0651640000000000
-0.0693890000000000
-0.0721170000000000
-0.0723060000000000
-0.0739530000000000
-0.0791210000000000
-0.0831910000000000
-0.0838220000000000
-0.0862900000000000
-0.0940030000000000
-0.100200000000000
-0.0950340000000000
-0.0771530000000000
-0.0533130000000000
-0.0309930000000000
-0.0134120000000000
7.20400000000000e-05
0.0109300000000000
0.0184820000000000
0.0210980000000000
0.0200340000000000
0.0189900000000000
0.0196160000000000
0.0201980000000000
0.0198210000000000
0.0194230000000000
0.0183060000000000
0.0133240000000000
0.00523630000000000
0.000282950000000000
0.00311440000000000
0.0100710000000000
0.0160510000000000
0.0214210000000000
0.0280580000000000
0.0318660000000000
0.0285540000000000
0.0212090000000000
0.0141590000000000
0.00433890000000000
-0.0116530000000000
-0.0269000000000000
-0.0326090000000000
-0.0306650000000000
-0.0266480000000000
-0.0173570000000000
0.00183300000000000
0.0234110000000000
0.0360280000000000
0.0395650000000000
0.0403530000000000
0.0375290000000000
0.0275440000000000
0.0149470000000000
0.00675930000000000
0.00222750000000000
-0.00190700000000000
-0.00279820000000000
0.00244200000000000
0.00825000000000000
0.00753740000000000
0.00215440000000000
-0.00200910000000000
-0.00512810000000000
-0.00997460000000000
-0.0127510000000000
-0.00708450000000000
0.00666740000000000
0.0218570000000000
0.0346730000000000
0.0455610000000000
0.0544330000000000
0.0589510000000000
0.0597060000000000
0.0599080000000000
0.0602320000000000
0.0583790000000000
0.0544520000000000
0.0505810000000000
0.0466650000000000
0.0410720000000000
0.0350320000000000
0.0299520000000000
0.0228230000000000
0.00938910000000000
-0.00829620000000000
-0.0241280000000000
-0.0361890000000000
-0.0473970000000000
-0.0595260000000000
-0.0718870000000000
-0.0843290000000000
-0.0961700000000000
-0.104350000000000
-0.106870000000000
-0.106010000000000
-0.103900000000000
-0.0972950000000000
-0.0826420000000000
-0.0632400000000000
-0.0465070000000000
-0.0342860000000000
-0.0228840000000000
-0.0113320000000000
-0.00419000000000000
-0.00309330000000000
-0.00204710000000000
0.00455530000000000
0.0138000000000000
0.0188410000000000
0.0186220000000000
0.0175960000000000
0.0180720000000000
0.0176280000000000
0.0127180000000000
0.00297600000000000
-0.00902000000000000
-0.0183430000000000
-0.0213490000000000
-0.0175680000000000
-0.0106520000000000
-0.00387390000000000
0.00172990000000000
0.00654650000000000
0.00933080000000000
0.00910460000000000
0.00749300000000000
0.00821790000000000
0.0122710000000000
0.0170160000000000
0.0204130000000000
0.0246950000000000
0.0315010000000000
0.0381490000000000
0.0407210000000000
0.0392600000000000
0.0350070000000000
0.0283780000000000
0.0215120000000000
0.0188380000000000
0.0199850000000000
0.0190620000000000
0.0138340000000000
0.00948760000000000
0.00934720000000000
0.00945050000000000
0.00616360000000000
0.00116130000000000
-0.00301390000000000
-0.00600540000000000
-0.00476900000000000
0.00366600000000000
0.0163350000000000
0.0265060000000000
0.0339730000000000
0.0420920000000000
0.0489260000000000
0.0489100000000000
0.0433200000000000
0.0386200000000000
0.0359620000000000
0.0308470000000000
0.0213130000000000
0.00981550000000000
-0.00198800000000000
-0.0141320000000000
-0.0261970000000000
-0.0378530000000000
-0.0499120000000000
-0.0623490000000000
-0.0734560000000000
-0.0821490000000000
-0.0883890000000000
-0.0917620000000000
-0.0924490000000000
-0.0925270000000000
-0.0928850000000000
-0.0913760000000000
-0.0869820000000000
-0.0829340000000000
-0.0813040000000000
-0.0793240000000000
-0.0744180000000000
-0.0690470000000000
-0.0660370000000000
-0.0630880000000000
-0.0565280000000000
-0.0461570000000000
-0.0331170000000000
-0.0155960000000000
0.00596280000000000
0.0259730000000000
0.0400410000000000
0.0516480000000000
0.0653380000000000
0.0781000000000000
0.0828040000000000
0.0783240000000000
0.0698890000000000
0.0612650000000000
0.0527900000000000
0.0458040000000000
0.0427400000000000
0.0433360000000000
0.0446610000000000
0.0446670000000000
0.0438600000000000
0.0438100000000000
0.0450030000000000
0.0456640000000000
0.0429550000000000
0.0361440000000000
0.0275690000000000
0.0202200000000000
0.0152510000000000
0.0135290000000000
0.0157420000000000
0.0207080000000000
0.0248290000000000
0.0260270000000000
0.0249330000000000
0.0230870000000000
0.0215410000000000
0.0217750000000000
0.0240780000000000
0.0261490000000000
0.0258940000000000
0.0250240000000000
0.0255350000000000
0.0249960000000000
0.0196390000000000
0.0117010000000000
0.00675610000000000
0.00580430000000000
0.00498820000000000
0.00412390000000000
0.00770490000000000
0.0166140000000000
0.0240690000000000
0.0240470000000000
0.0183450000000000
0.0126270000000000
0.00927190000000000
0.00742290000000000
0.00526270000000000
0.000935930000000000
-0.00653530000000000
-0.0154830000000000
-0.0242950000000000
-0.0341130000000000
-0.0460120000000000
-0.0566710000000000
-0.0616120000000000
-0.0614240000000000
-0.0594800000000000
-0.0552330000000000
-0.0464440000000000
-0.0367880000000000
-0.0329310000000000
-0.0337940000000000
-0.0321890000000000
-0.0254860000000000
-0.0183410000000000
-0.0141870000000000
-0.0124710000000000
-0.0121660000000000
-0.0132400000000000
-0.0130180000000000
-0.00789590000000000
0.00110320000000000
0.00847690000000000
0.0103750000000000
0.00650660000000000
-0.00245510000000000
-0.0148270000000000
-0.0264160000000000
-0.0325230000000000
-0.0326230000000000
-0.0309260000000000
-0.0314470000000000
-0.0330510000000000
-0.0309300000000000
-0.0232690000000000
-0.0145290000000000
-0.0103370000000000
-0.00982900000000000
-0.00641550000000000
0.00408480000000000
0.0185580000000000
0.0313460000000000
0.0412850000000000
0.0516630000000000
0.0632490000000000
0.0718390000000000
0.0736010000000000
0.0703020000000000
0.0656480000000000
0.0609840000000000
0.0564760000000000
0.0540970000000000
0.0533690000000000
0.0493660000000000
0.0404380000000000
0.0340860000000000
0.0368450000000000
0.0434320000000000
0.0447750000000000
0.0419620000000000
0.0423690000000000
0.0452250000000000
0.0424650000000000
0.0323810000000000
0.0217980000000000
0.0138580000000000
0.00514080000000000
-0.00375150000000000
-0.00597740000000000
0.000296390000000000
0.00802550000000000
0.0118390000000000
0.0134920000000000
0.0144550000000000
0.0109380000000000
0.00173330000000000
-0.00661110000000000
-0.00833180000000000
-0.00647110000000000
-0.00646230000000000
-0.00745050000000000
-0.00649450000000000
-0.00662520000000000
-0.0133880000000000
-0.0258460000000000
-0.0385100000000000
-0.0499600000000000
-0.0616310000000000
-0.0695850000000000
-0.0672550000000000
-0.0567940000000000
-0.0484180000000000
-0.0468030000000000
-0.0469690000000000
-0.0460900000000000
-0.0488910000000000
-0.0576240000000000
-0.0660390000000000
-0.0687930000000000
-0.0677720000000000
-0.0650060000000000
-0.0583450000000000
-0.0476340000000000
-0.0370850000000000
-0.0281290000000000
-0.0179410000000000
-0.00582070000000000
0.00523000000000000
0.0151350000000000
0.0258270000000000
0.0348240000000000
0.0375700000000000
0.0364200000000000
0.0368280000000000
0.0370250000000000
0.0311260000000000
0.0211920000000000
0.0156160000000000
0.0162870000000000
0.0171640000000000
0.0157050000000000
0.0170940000000000
0.0248610000000000
0.0343910000000000
0.0388060000000000
0.0375220000000000
0.0361100000000000
0.0391770000000000
0.0451820000000000
0.0481480000000000
0.0450590000000000
0.0394720000000000
0.0370460000000000
0.0377440000000000
0.0365210000000000
0.0302720000000000
0.0225090000000000
0.0182240000000000
0.0178250000000000
0.0176690000000000
0.0165260000000000
0.0173300000000000
0.0227120000000000
0.0309630000000000
0.0377020000000000
0.0402240000000000
0.0385870000000000
0.0340430000000000
0.0272290000000000
0.0183210000000000
0.00853670000000000
0.000937740000000000
-0.00257920000000000
-0.00338090000000000
-0.00257460000000000
0.00165930000000000
0.00944240000000000
0.0155550000000000
0.0151410000000000
0.00974570000000000
0.00361140000000000
-0.00293680000000000
-0.0111000000000000
-0.0190740000000000
-0.0238440000000000
-0.0249150000000000
-0.0223170000000000
-0.0159310000000000
-0.00798690000000000
-0.00246450000000000
-0.000830310000000000
-0.00277830000000000
-0.00861690000000000
-0.0169890000000000
-0.0231200000000000
-0.0242550000000000
-0.0230580000000000
-0.0228410000000000
-0.0231140000000000
-0.0232600000000000
-0.0251710000000000
-0.0296430000000000
-0.0346260000000000
-0.0385550000000000
-0.0407250000000000
-0.0396300000000000
-0.0350440000000000
-0.0297240000000000
-0.0259180000000000
-0.0232300000000000
-0.0218920000000000
-0.0247970000000000
-0.0325340000000000
-0.0406430000000000
-0.0451890000000000
-0.0481170000000000
-0.0532930000000000
-0.0604860000000000
-0.0657720000000000
-0.0658770000000000
-0.0610340000000000
-0.0536350000000000
-0.0451810000000000
-0.0358640000000000
-0.0277330000000000
-0.0241730000000000
-0.0237350000000000
-0.0199200000000000
-0.0106830000000000
-0.00295710000000000
-0.00223580000000000
-0.00427630000000000
-0.00321950000000000
-0.00250780000000000
-0.00865350000000000
-0.0189070000000000
-0.0245230000000000
-0.0239180000000000
-0.0234540000000000
-0.0272940000000000
-0.0338000000000000
-0.0401710000000000
-0.0447380000000000
-0.0455680000000000
-0.0419050000000000
-0.0355850000000000
-0.0296100000000000
-0.0250280000000000
-0.0214530000000000
-0.0179340000000000
-0.0137760000000000
-0.00913150000000000
-0.00565210000000000
-0.00397890000000000
-0.00157810000000000
0.00499690000000000
0.0163270000000000
0.0300020000000000
0.0427430000000000
0.0519170000000000
0.0572890000000000
0.0611440000000000
0.0653340000000000
0.0685220000000000
0.0683670000000000
0.0643930000000000
0.0576090000000000
0.0490350000000000
0.0408690000000000
0.0364760000000000
0.0365290000000000
0.0375700000000000
0.0371300000000000
0.0376900000000000
0.0427320000000000
0.0505200000000000
0.0560950000000000
0.0574910000000000
0.0573610000000000
0.0578100000000000
0.0576150000000000
0.0549300000000000
0.0498930000000000
0.0439140000000000
0.0375450000000000
0.0303440000000000
0.0208000000000000
0.00829790000000000
-0.00531360000000000
-0.0163500000000000
-0.0233110000000000
-0.0277630000000000
-0.0314820000000000
-0.0344340000000000
-0.0364590000000000
-0.0374170000000000
-0.0359210000000000
-0.0316640000000000
-0.0277980000000000
-0.0265230000000000
-0.0242440000000000
-0.0170980000000000
-0.00826920000000000
-0.00421050000000000
-0.00552930000000000
-0.00703640000000000
-0.00491840000000000
0.000545620000000000
0.00707270000000000
0.0123790000000000
0.0147840000000000
0.0150250000000000
0.0147030000000000
0.0129480000000000
0.00657210000000000
-0.00498280000000000
-0.0184260000000000
-0.0303230000000000
-0.0400550000000000
-0.0481260000000000
-0.0545890000000000
-0.0597680000000000
-0.0649620000000000
-0.0695790000000000
-0.0697200000000000
-0.0627880000000000
-0.0532080000000000
-0.0484090000000000
-0.0484370000000000
-0.0457780000000000
-0.0371180000000000
-0.0286120000000000
-0.0262020000000000
-0.0277140000000000
-0.0282610000000000
-0.0274510000000000
-0.0273410000000000
-0.0278690000000000
-0.0279290000000000
-0.0276460000000000
-0.0275410000000000
-0.0276690000000000
-0.0282100000000000
-0.0281670000000000
-0.0247900000000000
-0.0166890000000000
-0.00636870000000000
0.00399670000000000
0.0149710000000000
0.0269030000000000
0.0373550000000000
0.0451760000000000
0.0524990000000000
0.0612000000000000
0.0695140000000000
0.0744610000000000
0.0756360000000000
0.0750380000000000
0.0746660000000000
0.0743460000000000
0.0713930000000000
0.0642740000000000
0.0568120000000000
0.0544410000000000
0.0551130000000000
0.0511350000000000
0.0413810000000000
0.0337290000000000
0.0326980000000000
0.0341350000000000
0.0334350000000000